7 0 0 13 0 0 13 13 13 13 13 0 13 13 0 0 0 0 0 0 0 0 0 0 0 0 0
0 10 0 13 0 0 0 0 12 13 12 12 13 0 0 13 11 0 8 0 13 0 0 0 0 10 13
10 0 8 0 0 0 13 11 0 9 11 0 0 11 11 0 12 12 0 12 0 0 0 0 0 0 0
0 0 0 0 0 11 9 9 0 0 0 0 0 9 0 0 9 9 0 10 0 10 8 10 11 12 10
0 0 11 11 0 11 8 8 0 0 0 0 11 8 0 0 0 13 13 0 0 0 13 13 0 0 0
13 0 13 0 12 11 13 13 13 0 0 13 0 13 12 13 12 0 11 0 13 11 11 11 0 12 12
0 9 12 0 8 11 0 0 10 0 0 0 0 0 0 11 13 13 0 13 11 13 13 13 13 9 8
0 10 0 0 0 0 0 0 0 1 0 0 0 0 11 10 0 0 0 0 0 0 0 0 0 0 0
0 0 12 9 0 0 0 0 0 0 12 0 9 0 0 0 13 0 12 0 0 0 0 0 0 0 0
0 0 0 0 0 12 0 0 0 0 0 0 0 0 0 12 12 12 0 12 0 12 12 12 0 0 0
0 0 0 0 8 12 10 10 10 0 0 0 0 10 0 0 0 13 0 0 12 13 13 13 0 11 11
12 10 11 0 9 11 12 12 11 11 11 7 0 12 10 11 0 12 12 13 11 12 13 12 0 9 8
0 9 8 0 7 10 11 10 10 0 0 10 0 10 0 9 9 9 0 10 11 10 0 0 0 9 10
0 0 0 0 0 0 9 9 0 10 0 7 0 9 9 10 10 0 0 0 0 0 0 0 0 0 0
10 8 13 0 0 0 0 0 0 0 9 0 0 0 0 11 9 13 12 13 11 13 0 12 13 12 12
12 9 7 0 9 12 12 12 11 9 12 7 0 12 10 11 12 0 13 12 10 12 0 12 9 0 6
13 10 0 0 0 0 7 6 7 10 11 9 0 6 0 0 13 13 0 12 0 0 12 11 3 8 0
0 0 13 10 0 0 0 0 0 0 0 0 10 0 0 0 0 0 0 0 13 0 13 0 0 0 0
0 10 9 13 0 11 0 0 0 12 0 0 13 0 9 0 10 9 13 11 11 12 12 11 10 9 10
0 0 11 11 0 0 0 0 0 10 11 0 11 0 0 0 0 0 12 0 11 0 0 0 12 0 0
0 0 0 0 0 0 0 0 0 0 0 0 0 0 0 0 9 0 0 0 0 13 0 13 13 0 12
0 12 13 11 10 0 0 0 0 0 12 0 11 0 7 0 13 0 13 0 0 13 13 13 13 13 9
11 11 13 0 0 0 0 0 0 0 8 0 0 0 0 12 9 12 0 12 0 0 0 0 0 13 12
5 0 13 13 0 13 0 0 0 0 10 8 13 0 0 0 0 0 13 13 13 0 0 0 0 0 0
8 0 11 0 6 0 11 11 9 9 11 0 0 11 0 10 12 0 11 0 0 0 0 0 12 0 12
0 0 0 12 0 0 0 0 0 0 0 0 12 0 9 0 0 0 13 0 0 0 0 0 0 0 0
0 0 9 12 9 0 0 0 10 0 10 0 12 0 5 12 12 0 8 0 0 8 0 9 0 9 0
6 0 12 12 0 0 0 0 0 12 9 0 12 0 0 0 0 0 12 0 0 0 0 0 0 0 0
0 10 0 0 0 12 11 9 0 0 0 0 0 9 0 0 0 0 0 0 13 13 13 13 11 0 0
6 9 11 0 0 7 7 7 6 12 12 8 0 7 0 0 0 0 8 0 0 13 0 13 0 13 12
13 0 0 0 9 0 0 0 0 13 12 9 0 0 11 0 0 0 12 0 0 0 0 0 13 0 0
0 0 0 0 0 0 0 0 0 0 0 0 0 0 0 0 9 11 0 12 0 10 10 10 0 0 0
11 8 12 0 7 10 10 9 10 0 11 8 0 9 0 0 0 6 0 0 10 0 0 0 10 0 0
0 0 13 0 10 0 0 0 0 0 0 0 0 0 5 0 0 0 0 0 13 0 0 0 13 0 0
0 0 0 0 0 0 0 0 0 10 0 7 0 0 7 0 0 0 0 0 0 0 0 0 0 0 0
0 0 11 11 9 0 0 0 0 0 0 0 11 0 0 0 0 0 0 0 0 0 0 0 0 0 0
0 0 13 0 12 0 0 0 0 13 0 10 0 0 0 0 0 0 10 0 0 0 0 0 0 0 0
0 0 0 0 0 0 0 0 0 11 0 11 0 0 0 0 0 0 0 0 0 0 0 0 0 0 0
11 12 0 0 0 0 12 13 0 13 13 12 0 13 13 0 0 0 0 0 0 0 13 0 0 0 0
12 0 0 13 0 8 12 0 7 10 10 0 13 0 6 0 12 0 13 0 12 0 0 0 0 10 8
12 6 12 12 6 12 8 9 11 0 0 0 12 9 0 12 11 12 12 12 12 12 12 12 9 12 6
0 0 11 0 0 13 9 9 0 0 0 10 0 9 0 0 0 0 12 11 12 13 13 0 0 0 0
0 0 0 0 0 0 0 0 0 12 11 9 0 0 0 0 0 0 9 0 0 0 0 0 0 0 0
12 0 13 13 0 13 0 0 0 0 12 12 13 0 12 0 0 0 13 0 13 0 13 0 0 0 0
0 0 0 0 0 0 13 13 0 0 0 0 0 13 13 0 0 0 0 0 0 0 0 0 0 0 13
0 0 0 0 9 0 0 0 13 0 0 0 0 0 0 0 0 0 0 0 0 0 0 0 0 0 0
0 0 0 0 0 0 0 0 0 11 11 9 0 0 0 0 0 0 0 0 0 0 0 0 0 0 0
0 9 11 9 0 11 8 7 9 0 0 13 9 7 0 11 13 5 0 0 11 11 12 11 0 9 10
0 0 0 7 0 13 12 0 0 0 0 0 7 0 9 13 11 0 0 0 11 0 0 0 0 0 0
0 0 12 0 0 10 6 4 10 0 0 0 0 4 7 9 10 12 11 12 11 11 11 11 4 9 6
0 0 0 0 0 12 0 0 0 0 0 0 0 0 0 12 0 0 0 0 12 12 10 12 0 0 0
0 13 12 0 0 0 0 0 10 0 0 0 0 0 0 12 12 13 0 0 0 0 10 11 13 8 10
0 0 11 6 0 10 0 0 11 0 0 0 6 0 0 0 3 0 0 0 9 0 0 0 11 0 0
0 12 12 0 0 0 0 12 0 13 0 0 12 12 13 0 0 12 13 12 0 13 13 13 12 0 0
0 12 0 0 10 11 13 9 11 0 0 0 0 9 0 10 11 11 0 0 10 10 13 12 0 0 0
0 0 0 10 0 0 0 0 0 0 0 0 10 0 0 0 0 0 11 0 0 0 0 0 0 0 0
12 10 0 0 5 12 8 9 12 0 11 7 0 9 0 0 11 12 13 13 11 0 0 0 12 12 10
0 12 0 12 7 0 12 12 0 0 0 0 12 12 12 0 0 0 12 13 0 0 0 0 0 0 0
0 0 0 0 0 12 0 0 9 0 0 0 0 0 0 13 11 10 0 9 12 0 0 0 0 0 0
0 0 0 0 0 0 8 7 0 10 0 4 0 7 9 9 7 0 0 0 0 0 0 6 0 9 7
0 0 0 0 0 8 0 0 0 0 0 0 0 0 0 0 3 0 0 0 0 0 0 0 0 1 0
0 8 12 11 0 10 11 11 0 11 0 10 11 11 10 11 0 11 0 10 10 0 0 0 0 11 10
0 9 1 0 11 13 13 13 13 0 0 0 2 13 11 13 13 12 0 12 13 0 13 0 11 12 11
0 10 0 0 9 12 9 9 0 0 0 0 0 9 9 12 11 0 0 0 12 0 0 0 11 0 0
0 13 10 0 8 0 0 0 0 0 0 0 0 0 8 0 0 12 0 13 0 13 0 0 0 0 9
11 7 11 12 0 12 12 12 9 0 9 9 12 12 4 11 11 0 11 0 11 11 12 12 9 10 10
12 11 12 12 10 12 12 12 13 11 9 10 12 12 12 12 12 12 10 12 12 13 13 12 12 12 12
0 0 0 0 7 6 10 12 9 0 0 0 0 12 0 10 12 0 0 5 7 9 11 10 12 12 10
0 0 10 10 7 11 0 0 9 0 0 0 10 0 3 0 0 9 0 10 9 13 13 13 0 9 0
0 0 0 0 0 0 0 0 0 0 0 0 0 0 0 13 0 0 6 0 13 0 0 0 0 0 0
4 0 7 12 0 0 0 0 0 0 10 6 12 0 10 0 0 0 10 0 0 0 0 0 0 0 0
11 0 10 8 6 13 0 0 0 0 0 0 8 0 0 0 0 0 9 0 11 0 11 0 0 0 0
0 12 13 0 0 0 9 0 10 0 0 0 0 0 0 7 12 12 0 10 0 0 0 13 0 0 9
10 0 11 0 0 0 0 0 0 10 10 0 0 0 10 0 0 0 12 0 11 0 0 0 0 0 0
8 0 0 0 0 0 0 0 0 13 0 10 0 0 10 0 0 13 0 0 12 0 12 0 0 0 0
9 10 11 9 0 0 0 0 9 9 0 0 9 0 0 0 0 11 0 13 11 11 0 0 0 10 9
0 0 0 13 9 12 9 8 9 0 0 0 13 8 12 12 11 12 0 12 12 12 9 11 12 12 12
0 0 12 12 0 0 0 0 0 0 0 8 12 0 10 0 0 0 12 0 0 0 0 0 0 0 0
12 0 12 11 0 12 11 11 0 10 10 9 11 11 8 12 10 12 12 12 12 12 0 12 12 0 0
12 12 8 0 0 0 0 0 0 0 0 0 0 0 13 0 0 13 0 13 0 0 0 0 0 0 0
0 0 0 0 9 11 9 8 0 0 0 0 0 8 0 10 12 9 0 10 0 11 13 12 13 10 0
0 12 0 0 1 13 13 12 12 0 0 0 0 12 0 13 12 12 0 12 0 13 13 13 12 13 12
10 0 0 11 0 11 0 11 0 0 0 11 11 11 6 0 0 0 11 0 10 0 0 0 0 9 10
0 0 0 11 0 0 0 9 0 0 0 6 11 9 9 0 0 0 0 0 0 0 0 0 0 0 0
0 10 0 0 0 0 0 0 12 0 0 0 0 0 11 11 0 0 0 0 0 0 0 0 0 0 0
0 12 0 0 0 0 0 0 0 0 0 0 0 0 12 12 0 0 0 0 0 0 0 0 0 0 0
12 0 12 0 5 12 9 10 0 10 6 5 0 10 5 12 12 12 12 12 0 13 13 13 10 0 0
