7 0 0 13 0 0 13 13 13 13 13 0 13 13 0 0 0 0 0 0 0 0 0 0 0 0 0
0 11 0 13 0 0 0 0 12 13 12 12 13 0 0 13 11 0 10 0 13 0 0 0 0 10 13
10 0 9 0 0 0 13 11 0 10 12 0 0 11 11 0 12 12 0 12 0 0 0 0 0 0 0
0 0 0 0 0 11 9 8 0 0 0 0 0 8 0 0 8 9 0 10 0 6 4 7 9 12 10
0 0 12 12 0 9 6 5 0 0 0 0 12 5 0 0 0 12 13 0 0 0 13 13 0 0 0
13 0 13 0 12 11 13 13 13 0 0 13 0 13 12 13 12 0 11 0 13 11 11 11 0 12 12
0 13 10 0 10 13 0 0 12 0 0 0 0 0 0 13 13 13 0 13 12 13 13 13 11 13 13
0 11 0 0 0 0 0 0 0 10 0 0 0 0 11 10 0 0 0 0 0 0 0 0 0 0 0
0 0 12 9 0 0 0 0 0 0 12 0 9 0 0 0 13 0 12 0 0 0 0 0 0 0 0
0 0 0 0 0 13 0 0 0 0 0 0 0 0 0 12 12 12 0 12 0 12 12 12 0 0 0
0 0 0 0 8 10 10 10 10 0 0 0 0 10 0 0 0 8 0 0 11 13 13 13 0 11 9
12 10 11 0 8 11 12 12 11 11 11 7 0 12 7 11 0 12 5 12 11 12 13 12 0 9 7
0 9 9 0 9 9 10 10 9 0 0 9 0 10 0 9 8 9 0 9 10 9 0 0 0 9 9
0 0 0 0 0 0 8 7 0 9 0 7 0 7 9 10 9 0 0 0 0 0 0 0 0 0 0
10 9 13 0 0 0 0 0 0 0 8 0 0 0 0 11 6 13 13 13 10 13 0 13 13 12 12
13 11 6 0 4 12 11 10 11 9 12 7 0 10 8 10 12 0 9 12 8 12 0 12 7 0 4
12 11 0 0 0 0 6 6 7 10 12 9 0 6 0 0 13 12 0 12 0 0 12 11 3 8 0
0 0 13 13 0 0 0 0 0 0 0 0 13 0 0 0 0 0 0 0 13 0 13 0 0 0 0
0 9 8 13 0 10 0 0 0 12 0 0 13 0 8 0 11 8 13 10 11 11 13 12 9 11 11
0 0 10 12 0 0 0 0 0 10 9 0 12 0 0 0 0 0 11 0 9 0 0 0 11 0 0
0 0 0 0 0 0 0 0 0 0 0 0 0 0 0 0 9 0 0 0 0 12 0 13 12 0 11
0 12 13 12 9 0 0 0 0 0 12 0 12 0 5 0 12 0 13 0 0 13 13 13 13 11 10
11 9 13 0 0 0 0 0 0 0 8 0 0 0 0 8 9 11 0 12 0 0 0 0 0 13 13
5 0 13 13 0 13 0 0 0 0 10 8 13 0 0 0 0 0 13 13 12 0 0 0 0 0 0
8 0 11 0 10 0 11 11 9 10 11 0 0 11 0 11 12 0 11 0 0 0 0 0 12 0 12
0 0 0 13 0 0 0 0 0 0 0 0 13 0 10 0 0 0 13 0 0 0 0 0 0 0 0
0 0 10 10 8 0 0 0 10 0 9 0 10 0 6 11 13 0 7 0 0 9 0 10 0 7 0
6 0 12 12 0 0 0 0 0 12 9 0 12 0 0 0 0 0 13 0 0 0 0 0 0 0 0
0 11 0 0 0 12 11 10 0 0 0 0 0 10 0 0 0 0 0 0 13 13 13 13 10 0 0
8 9 11 0 0 5 7 7 6 12 13 8 0 7 0 0 0 0 8 0 0 13 0 13 0 13 12
13 0 0 0 8 0 0 0 0 13 11 8 0 0 7 0 0 0 13 0 0 0 0 0 12 0 0
0 0 0 0 0 0 0 0 0 0 0 0 0 0 0 0 9 12 0 12 0 12 12 12 0 0 0
11 12 9 0 8 10 9 7 12 0 12 11 0 7 0 0 0 6 0 0 10 0 0 0 9 0 0
0 0 12 0 7 0 0 0 0 0 0 0 0 0 8 0 0 0 0 0 12 0 0 0 12 0 0
0 0 0 0 0 0 0 0 0 11 0 9 0 0 5 0 0 0 0 0 0 0 0 0 0 0 0
0 0 12 12 9 0 0 0 0 0 0 0 12 0 0 0 0 0 0 0 0 0 0 0 0 0 0
0 0 13 0 13 0 0 0 0 13 0 12 0 0 0 0 0 0 12 0 0 0 0 0 0 0 0
0 0 0 0 0 0 0 0 0 11 0 11 0 0 0 0 0 0 0 0 0 0 0 0 0 0 0
13 12 0 0 0 0 12 12 0 13 13 12 0 12 12 0 0 0 0 0 0 0 13 0 0 0 0
12 0 0 13 0 8 12 0 8 10 10 0 13 0 5 0 10 0 13 0 12 0 0 0 0 9 8
9 7 12 12 7 10 12 11 9 0 0 0 12 11 0 11 10 11 13 11 11 12 12 11 9 11 7
0 0 12 0 0 13 13 8 0 0 0 9 0 8 0 0 0 0 13 12 12 13 13 0 0 0 0
0 0 0 0 0 0 0 0 0 12 11 8 0 0 0 0 0 0 13 0 0 0 0 0 0 0 0
12 0 13 13 0 13 0 0 0 0 12 12 13 0 12 0 0 0 13 0 13 0 13 0 0 0 0
0 0 0 0 0 0 13 13 0 0 0 0 0 13 13 0 0 0 0 0 0 0 0 0 0 0 13
0 0 0 0 9 0 0 0 13 0 0 0 0 0 0 0 0 0 0 0 0 0 0 0 0 0 0
0 0 0 0 0 0 0 0 0 12 11 9 0 0 0 0 0 0 0 0 0 0 0 0 0 0 0
0 9 13 10 0 13 10 7 11 0 0 13 10 7 0 10 13 7 0 0 13 12 13 12 0 10 13
0 0 0 10 0 13 12 0 0 0 0 0 10 0 10 13 11 0 0 0 11 0 0 0 0 0 0
0 0 11 0 0 10 9 9 8 0 0 0 0 9 9 9 9 10 12 10 10 9 10 9 9 9 9
0 0 0 0 0 13 0 0 0 0 0 0 0 0 0 13 0 0 0 0 12 11 10 11 0 0 0
0 13 12 0 0 0 0 0 11 0 0 0 0 0 0 13 13 13 0 0 0 0 12 13 12 13 13
0 0 9 12 0 9 0 0 11 0 0 0 12 0 0 0 8 0 0 0 10 0 0 0 9 0 0
0 10 13 0 0 0 0 9 0 13 0 0 13 9 13 0 0 11 12 10 0 12 13 13 10 0 0
0 11 0 0 12 12 12 8 12 0 0 0 0 8 0 10 12 10 0 0 9 13 13 11 0 0 0
0 0 0 12 0 0 0 0 0 0 0 0 12 0 0 0 0 0 12 0 0 0 0 0 0 0 0
11 11 0 0 9 12 10 10 11 0 12 7 0 10 0 0 12 12 13 13 12 0 0 0 10 11 11
0 12 0 12 6 0 10 12 0 0 0 0 12 12 9 0 0 0 12 12 0 0 0 0 0 0 0
0 0 0 0 0 12 0 0 9 0 0 0 0 0 0 13 12 9 0 10 11 0 0 0 0 0 0
0 0 0 0 0 0 8 6 0 10 0 3 0 6 9 7 7 0 0 0 0 0 0 7 0 9 8
0 0 0 0 0 6 0 0 0 0 0 0 0 0 0 0 1 0 0 0 0 0 0 0 0 1 0
0 8 12 11 0 10 11 10 0 11 0 9 11 10 10 11 0 10 0 10 10 0 0 0 0 11 10
0 9 6 0 11 13 13 7 13 0 0 0 13 7 10 13 13 13 0 13 12 0 13 0 10 13 11
0 11 0 0 9 11 10 9 0 0 0 0 0 9 10 12 11 0 0 0 10 0 0 0 12 0 0
0 12 12 0 5 0 0 0 0 0 0 0 0 0 9 0 0 13 0 13 0 13 0 0 0 0 13
9 8 11 11 0 12 9 10 9 0 9 9 11 10 4 10 10 0 11 0 11 11 12 11 9 9 9
11 9 12 13 8 10 13 13 9 9 7 9 13 13 8 10 10 13 12 12 12 12 12 13 9 10 9
0 0 0 0 5 6 10 11 9 0 0 0 0 11 0 10 12 0 0 7 6 8 10 9 12 11 10
0 0 11 11 7 11 0 0 9 0 0 0 11 0 3 0 0 9 0 10 9 13 13 13 0 10 0
0 0 0 0 0 0 0 0 0 0 0 0 0 0 0 13 0 0 9 0 13 0 0 0 0 0 0
6 0 7 12 0 0 0 0 0 0 10 7 12 0 8 0 0 0 11 0 0 0 0 0 0 0 0
9 0 9 13 6 12 0 0 0 0 0 0 13 0 0 0 0 0 10 0 10 0 9 0 0 0 0
0 11 13 0 0 0 9 0 9 0 0 0 0 0 0 7 12 12 0 11 0 0 0 13 0 0 9
10 0 10 0 0 0 0 0 0 10 10 0 0 0 9 0 0 0 12 0 11 0 0 0 0 0 0
3 0 0 0 0 0 0 0 0 13 0 10 0 0 8 0 0 12 0 0 12 0 11 0 0 0 0
7 10 12 12 0 0 0 0 9 10 0 0 12 0 0 0 0 10 0 9 11 10 0 0 0 9 10
0 0 0 12 9 13 7 5 9 0 0 0 12 5 12 12 9 11 0 11 12 12 9 9 7 12 12
0 0 12 12 0 0 0 0 0 0 0 8 12 0 9 0 0 0 12 0 0 0 0 0 0 0 0
10 0 11 12 0 10 10 9 0 10 9 9 12 9 7 11 9 10 12 11 10 11 0 12 10 0 0
9 12 10 0 0 0 0 0 0 0 0 0 0 0 9 0 0 10 0 12 0 0 0 0 0 0 0
0 0 0 0 10 12 8 8 0 0 0 0 0 8 0 9 12 9 0 10 0 13 13 13 10 11 0
0 11 0 0 1 13 13 12 12 0 0 0 0 12 0 13 13 12 0 12 0 13 13 13 12 13 12
9 0 0 12 0 12 0 12 0 0 0 10 12 12 6 0 0 0 13 0 9 0 0 0 0 11 12
0 0 0 12 0 0 0 9 0 0 0 6 12 9 8 0 0 0 0 0 0 0 0 0 0 0 0
0 11 0 0 0 0 0 0 12 0 0 0 0 0 11 11 0 0 0 0 0 0 0 0 0 0 0
0 13 0 0 0 0 0 0 0 0 0 0 0 0 12 13 0 0 0 0 0 0 0 0 0 0 0
10 0 12 0 5 9 8 9 0 10 6 5 0 9 6 9 10 11 12 12 0 13 12 12 8 0 0
