0.6358863943789178,0.206341904946687,0.2732037713611832,0.3259618347399152,0.1074772446269917
0.5284410242022393,0.1646303771052101,0.155091299386273,0.3300533931632553,0.3008552771171678
0.2842325440803716,0.1586771443784571,0.1767492183738904,0.4076127206545788,0.2108258900965801
0.3308793047500698,0.2971537080537616,0.2433708999821071,0.2999808756593711,0.1253672631588354
0.1481510406931597,0.1115501609310576,0.3360812167919552,0.3310189007611336,0.1935475307604036
0.3758065897299161,0.4168161264689597,0.1097840577659068,0.2834966432635291,0.1669525080380113
0.09652017557504866,0.271902335109574,0.1644084835356353,0.230069089019643,0.2842954528266061
0.3471005395184602,0.3020514320040933,0.2206479932488039,0.2012715538404493,0.2255960084033765
0.1656444825016356,0.137753795654721,0.5959689113904252,0.02318456930842281,0.2279072484056361
0.2710438420390247,0.3756631174980902,0.2957575200311666,0.1692552410111124,0.1127957987776385
0.1124251233447372,0.2577182105175156,0.3957731647727278,0.1465653517362763,0.1925675159672469
0.1750027337547735,0.2630282652610078,0.1328799084984058,0.3489400071684352,0.1996907000388697
0.1003918896106591,0.1723189116261751,0.1867302911799471,0.4387402602782976,0.1396460089173113
0.1358288002421215,0.1649378009868663,0.114388122369579,0.4790978990915749,0.2414285901136083
0.1765792618995983,0.06140064487982971,0.4294846166409061,0.2453864393014985,0.2411551562033694
0.5337729567241919,0.2457112022475516,0.2425675672237116,0.2820982892539698,0.2493376506478474
0.639412906323696,0.4546941005342354,0.1356921123546521,0.209219922879827,0.143598301416153
0.5234828405272924,0.2324938905513174,0.1401517163360238,0.2175503258395877,0.3414490266459834
0.6982481327912881,0.3851808536217665,0.1969586059923058,0.2018167688505741,0.1642897072165735
0.2553222473877917,0.296271909222407,0.09203274735270343,0.5019473039527029,0.09131089712069403
0.5205022557779089,0.2687372215053572,0.3836760411065752,0.149336973475658,0.1598166818569635
0.4244172636803726,0.2462405246062828,0.3502956457929007,0.1050595528325232,0.2551151083250409
0.6761558883947917,0.3990181857090694,0.1432033860770021,0.1674858154189282,0.239455635458672
0.1315467040989025,0.05836935688429333,0.2274708550427664,0.312262640296007,0.3444581656096986
0.4602676023404862,0.2331072389157326,0.26770021531442,0.2439515284773505,0.1950444609658238
0.3157053335917041,0.2524332212169931,0.1093437283507595,0.2693177470497393,0.3365091638927569
0.3298921134605102,0.3363180552400398,0.2356463125985344,0.149450211141959,0.2648905896234425
0.1570404114069531,0.1485368759193478,0.3724733736731726,0.1508477943853383,0.3242632461460929
0.4163687822758402,0.4095971934299859,0.2071106997360385,0.2034856159710119,0.1260804124115771
0.4755507513346098,0.1304044693010695,0.2279083610983225,0.1832488132196586,0.4170107980152024
0.5925929139189305,0.1694373763806356,0.3739405324316039,0.1919234705140859,0.19862264114465
0.3211149587958673,0.3927367497387386,0.1588880434909777,0.127321564257848,0.2578986785790297
0.289029516841215,0.07006264040275625,0.4146199694729574,0.1265760760110355,0.3601906836337427
0.1477662245964675,0.2104613597267502,0.2357144254593588,0.3555274835037511,0.1803951614362072
0.2101154504305455,0.2231400578670223,0.2135468426123087,0.2556152031902255,0.2403272530159513
0.4709225477415979,0.3681240997323619,0.1089503758635212,0.3444489680208044,0.1430007215514744
0.2583754542843661,0.2807511603632244,0.07922363062160956,0.1841020108129898,0.389877901052146
0.3298294085989368,0.2227320320442318,0.2663661285411553,0.189342494442189,0.1640636520360318
0.2833120272732249,0.1198486576547396,0.125928469604094,0.3020142060363142,0.4443141582903626
0.04288470871708687,0.07872258604413349,0.5921316810684307,0.2343096081866506,0.09079492413496304
0.5216508323849163,0.326124857279294,0.08523863001975521,0.2849078848994031,0.1907148808320531
0.0785385916670696,0.4153788718358108,0.1688321707985241,0.215384152290933,0.141965412519022
0.3463482249891553,0.3217174441494372,0.1225240117835405,0.2705001345389818,0.253108267518813
0.4659190073901265,0.1726665522300249,0.1270171111837558,0.3121630663433304,0.3539819419890681
0.1979758036031134,0.2249354226111551,0.2990455219922614,0.3201422914011635,0.1237644579342044
0.4528305925655381,0.468432711230627,0.1261501805195826,0.1970842756313077,0.1015375179972962
0.2593034630447701,0.3351964260125581,0.4138814768354134,0.06362258181260885,0.1195541342709877
0.3745408382821057,0.1898287371177338,0.1538417659259629,0.4449010511461819,0.1635681281791672
0.479256276189766,0.1772442745452264,0.2105779867472447,0.2994474550054608,0.2642932474016708
0.2450572269814132,0.4356236765451214,0.1410634132776588,0.1986795014756944,0.2109979817510143
0.1725314190901163,0.08557036362358408,0.224536723258178,0.2064866959810817,0.4662339595495076
0.4125436085333103,0.1828434717156349,0.4013401613307959,0.2099747990803486,0.1630989763344912
0.3056962340255533,0.2917477854364082,0.2473617038732057,0.219108664341236,0.1856444080731548
0.152315344149247,0.2150157142438204,0.1503762984712378,0.2108375565005431,0.3952731206499163
0.5138996495180354,0.3057817840761714,0.1879934946545369,0.2178630478842138,0.2310336228629222
0.1912148330726445,0.4786603167931913,0.2245345792507477,0.1925458096213995,0.08662645899155147
0.3054184739418196,0.257848568539853,0.0859001398008709,0.4920441165763673,0.1142140326980907
0.2899165946048802,0.2391409624957103,0.319994447802718,0.1937091868772629,0.2108489944863669
0.2533494199856088,0.06216359315743396,0.5465352915180494,0.1217352752927491,0.2409768224507158
0.4284168920812531,0.3611690292803001,0.07952971445379595,0.1717731254960579,0.3527736898191332
0.2164323423453945,0.1683386964732401,0.3697815376266063,0.1677992713098532,0.2891786178691931
0.4855144129943908,0.1651154886464997,0.2747677405837082,0.2004161693817882,0.2474253973661678
0.4074834877835409,0.3144595682670486,0.2290703969061251,0.1208633127843258,0.2760829464018083
0.38468493625274,0.04963024668580224,0.3873092388025517,0.2108395949212908,0.3048415739296971
0.109771706082195,0.2407896343901204,0.1189793566343877,0.3161097968663079,0.2738844338252037
0.7276572121863729,0.366897500223992,0.3169642059359775,0.04951588951804123,0.1732968484602748
0.4920157308000337,0.2659681216733454,0.2283282101688099,0.278409486649352,0.07258210818768088
0.6993315022236208,0.05471438861611545,0.2353721240880375,0.4316016070041396,0.1873790253529242
0.6012005031840018,0.1291824049329401,0.4406296716842815,0.1833121647748133,0.1406928778411604
0.1203784743978381,0.4619939470718645,0.1240294337196548,0.1708862750920881,0.2345502664585695
0.2830942306866101,0.07346011768977422,0.3244780489597077,0.2996936385070022,0.2596432771877347
0.01143450244490767,0.2487666951346181,0.4598161135343228,0.2841339875566725,0.0453862452284637
0.3701799855916053,0.3153027622997567,0.1766933801063713,0.1967949924903597,0.2642900679500466
0.8324273183439319,0.5844401542879538,0.09514513638930121,0.05423017349333219,0.212913131645721
0.6230724815174278,0.2823356800423769,0.2068957606020193,0.131304857537073,0.323505212590869
0.3200501210002982,0.417394831862953,0.1866578815412594,0.2742811708430589,0.07097407344704662
0.7259698627272899,0.1859164040152043,0.2415862741901506,0.06551564782607838,0.4455513979651901
0.05617405493179269,0.1539280771642424,0.2594723475246956,0.2487427107052104,0.3120796767038492
0.5707022043738266,0.1127680473114199,0.1814093773834967,0.1443404013251503,0.4966964410969912
0.02047725406647354,0.3898421271280496,0.442470251912398,0.01285889141231496,0.1430954486982038
0.386352163537751,0.1642988547431285,0.3915630681324395,0.222233032271157,0.1581333429727935
0.4927594736971131,0.1185855182478204,0.2535779589206088,0.387787275309034,0.1414110409546963
0.4650748205324056,0.2879608787324083,0.07468293068863001,0.1729803065681887,0.3046320316258641
0.07595915251527934,0.2268566016990377,0.1794882103916584,0.3265902333913145,0.2323989293403337
0.1361034345174173,0.5011903670775979,0.1252084506040453,0.1795420791213159,0.2039044987812958
0.1434273799866049,0.1903645733092172,0.3546090520284318,0.1823955985238019,0.2527120782500661
0.4904901561824265,0.2442227356789058,0.2457227814350532,0.2394085787788259,0.2092502720900329
0.7020868941602013,0.2624475713068212,0.1976740702377942,0.1841928315850836,0.3040202897582
0.5178113841227387,0.4015272141890928,0.1571559890068797,0.1834592232896322,0.2178131311725504
0.5567532987744983,0.3336863011412395,0.2922500805137336,0.2169040661169977,0.1285593476521311
0.3972855319196274,0.2187453074919832,0.1667025448536495,0.3689909987460045,0.1897422340480591
0.2328819026320692,0.1645270621861872,0.1732185107729777,0.3217171787640251,0.3071214691219711
0.4908833780917164,0.2433766081127141,0.1571164256721767,0.2492424650519753,0.2924852188091568
0.6772906003386956,0.4387966166805366,0.1220141371022045,0.2226908516929365,0.1574790207180896
0.06498156202160392,0.2932436042733802,0.169908530838112,0.335407358325934,0.2147856142601867
0.2275094308036168,0.2464274781014353,0.1498802218715946,0.2002062869660391,0.3347438380580025
0.3730677960132214,0.1798224261314729,0.22516517590607,0.08899958185017703,0.4801132996698723
0.3673697938269995,0.2300312119511422,0.1301110711036262,0.3292305757971672,0.1607454133809292
0.3403876549702247,0.09965041907737961,0.274445841067005,0.2182449601561484,0.354606250005819
0.1185825267785628,0.2108906910408044,0.369250499030622,0.2422672850521987,0.1453003046036884
0.4543713140326289,0.1836822083426912,0.2988995553666282,0.3028139794234326,0.1465368595171959
0.3907084985598538,0.3674902459765702,0.1519208548315213,0.2406923521134764,0.1954488634469616
0.3676366126767243,0.1921618768584235,0.3321207978894969,0.2554606998968072,0.1564582255101448
0.463877452432697,0.247195019745522,0.2840848977987431,0.315189071795369,0.1685373581102959
0.05250127349473481,0.2060959278771343,0.1319233757487762,0.2654288716670771,0.410552674666625
0.3154864742210479,0.05681716361543612,0.3403518830567098,0.1246530979418671,0.3856192589015953
0.2743124227055739,0.260975695069919,0.200506785084947,0.1309569357944568,0.3463266222030887
0.5632076398862584,0.3029079531309998,0.2896066572136913,0.1437263600884555,0.2042349886921348
0.3127873558761588,0.224567170366058,0.1040324290525966,0.3952996272797623,0.2116343864485046
0.4567064595497176,0.2377634295884988,0.2224173508735667,0.2646426239389738,0.2318930482099952
0.174021972014127,0.1635522677439918,0.4067296372921123,0.1391131791895149,0.1851718372740351
0.1622830014178857,0.0866219710145575,0.3358290253805175,0.3503632004040041,0.1642392135889932
0.7906208197913784,0.2519167493680233,0.2430384745346819,0.1849799281878408,0.2519059530262917
0.2567297781407332,0.3416193595102482,0.3179151846970837,0.09061245602586018,0.2381850334556956
0.3544796604615306,0.2201737636526883,0.3188736430010969,0.2752161731912486,0.1320086673967731
0.1078815275249012,0.3243290713809014,0.04192706986229769,0.2732888058965978,0.3669217556818266
0.3235528657878674,0.2653695783846782,0.206051617712322,0.1705508073810782,0.3261672006047966
0.4015343410262071,0.1718387450170103,0.2452606269420593,0.4374799299875262,0.1097211583200181
0.4055888249253075,0.1665231165564895,0.3555120948740164,0.349883881065137,0.06796586084231143
0.453355840039998,0.206130461809393,0.2562696306475996,0.4232562813715853,0.09491665471180628
0.5696737267510339,0.3509411143805446,0.2896836158735681,0.2024786150273116,0.1358367844452824
0.05788832262152215,0.1200034467889046,0.4037936304789428,0.3115655506807958,0.211289156187628
0.1286414368838009,0.2044396226223706,0.3471039781231688,0.2711781892928735,0.09470446791806342
0.2907935741236249,0.1827395089105143,0.3105305616742523,0.09624025161813439,0.3449924997959797
0.4025335734878216,0.3241227756713716,0.09483958619489612,0.4448502905318613,0.1211828869606341
0.1605471710433724,0.3588577868099426,0.2270506185232609,0.2376892657546297,0.1548134030198478
0.4434337451270426,0.03895504018918337,0.2062121544197501,0.2652612717442379,0.4250365922751944
0.2070449933965722,0.2130179302140563,0.5473829433120433,0.08050858601243349,0.1539857525328253
0.00213917971519888,0.3979771229835454,0.1678991295762325,0.1167541372481211,0.2412897508854755
0.4213423665281326,0.4963428781854164,0.1912834717535197,0.1360477340990635,0.1335231582669246
0.3394870339891072,0.2096547335375804,0.1825035902382479,0.1455277491188182,0.4172835757068019
0.3642097246508254,0.2843076424839076,0.4598894781297773,0.1318780843646147,0.09379417778422544
0.3061105239461687,0.243783607342046,0.2008249157945003,0.2196751904130009,0.3232536639738199
0.2860686428199911,0.4543162061431917,0.2071301407783603,0.1194423283856272,0.1928060376100162
0.1115183235005905,0.1790159871051982,0.3187832400924532,0.297854543341414,0.2002142091252484
0.4468433413079855,0.2151368325968978,0.1996781664197949,0.2834033433440259,0.1971678568515309
0.5075598879854043,0.08393672192538415,0.4016016805889481,0.2459682087498042,0.1996521858128865
0.2154976302662102,0.1940255637288148,0.259769467023898,0.3706189976781968,0.09995920121100357
0.2009993606034709,0.1116731010995348,0.2229795392443908,0.2818042284992635,0.3736723358616693
0.4251688969536355,0.3421275044510864,0.1609619726981701,0.1709604218864908,0.261204701013278
0.5263564061022421,0.1550539921122273,0.2391350874498425,0.3175044131385355,0.2141763785483229
0.524986946906159,0.1518781937238307,0.2299385058570302,0.3235907020540982,0.2248202142387674
0.1924355195314734,0.2504542423709988,0.05410681633554722,0.4180127414665572,0.2618591946294029
0.2244491849808376,0.0693974518752966,0.08414771969080903,0.5945161771801578,0.2077145516443349
0.2944645666908597,0.2125573155471922,0.09966914191773135,0.2603718557757511,0.3230558698063195
0.412064181278542,0.2555420224530728,0.2097745365848175,0.2479955034259803,0.2482698433072002
0.03926225726586467,0.1492782636761239,0.3306058120795268,0.3178908119085825,0.1752715523858954
0.2863554448448793,0.3977227947751398,0.2217538005463539,0.1702069839573533,0.1507312894443731
0.1805266570548834,0.4632682930090879,0.06352070565350361,0.3775155882693408,0.0742859653973704
0.3385916356071614,0.2897105841569419,0.3178393309895463,0.2430095673507473,0.1102513241908534
0.3212267351526129,0.1135930686458292,0.1521780155661298,0.5072611147679845,0.1771889752628015
0.1287634391518637,0.2200987815456748,0.2344928267519926,0.2439049648177842,0.2618939272383985
0.4803975150978661,0.2645352763284783,0.2475804529582119,0.2942072900049719,0.1276371871907727
0.1123059112552689,0.3518004731648336,0.2004243831001802,0.108682512615043,0.2835580647867486
0.07367335571662452,0.471598426672648,0.1514800622421767,0.1980148164200907,0.147281765784473
0.2120376095009209,0.5418311493924763,0.007018619962737165,0.1339084059650308,0.2663053496187662
0.3595369160390149,0.15866806087629,0.1788799842824466,0.3266458870847421,0.2398942139395339
0.2079163539658084,0.2465052907576132,0.2354836920340089,0.1705483350233891,0.224939707999642
0.4090479952811945,0.09199285684070282,0.1092562004037699,0.3448998203960902,0.4158725186756883
0.3622973012849777,0.1314122974542201,0.3205025370376838,0.2696104923489103,0.2662673327666748
0.3524405999406492,0.1980870807273893,0.2138811351712031,0.3061289663175238,0.2283007415804041
0.5702352160188566,0.2537803622392947,0.1008502328832001,0.5076362343410854,0.07185965085592022
0.4720713398824604,0.1446213610013938,0.2037354772191463,0.2566604498789207,0.3307014102187221
0.1259354447292753,0.08480824355620672,0.1345141583692846,0.3111196876840631,0.3925532557379359
0.34227336909439,0.2740805070120983,0.2446627225766345,0.280003999840245,0.11691334601297
0.7540087500793411,0.1062874578483451,0.3171197952524968,0.1507385568619962,0.3903355871589976
0.3363856017345808,0.1128638703632212,0.2009752357241227,0.4011595011635207,0.2587115389131246
0.06192665929336232,0.1068344727130053,0.3188955584216179,0.1762420281681906,0.3714343996906982
0.3119599131245078,0.1992963560980019,0.2474805836042919,0.2474054613589692,0.1705640934985375
0.3612496700667173,0.1562941817708872,0.3067595335829087,0.2292416702661838,0.2500244174533202
0.5049924478367116,0.2650133393811292,0.09011325850489352,0.4062297105661475,0.1864304343938055
0.1547920111084074,0.2235136175606989,0.2970467989188301,0.2357344366273426,0.2282492279815486
0.4815803953315084,0.09265173379231144,0.1816483769134609,0.5354758876190073,0.07037306045931256
0.06537076803832646,0.3181823163680721,0.2366733960581993,0.218041870210762,0.1913740486571641
0.3980627619214517,0.3534922994525634,0.1758517927830384,0.2938814709655415,0.1152006670363458
0.3526965138705585,0.2467013669902909,0.33521713779852,0.2937131459984146,0.1197840534162532
0.5704207657605747,0.08566821709835112,0.4905864261880671,0.1953102548119774,0.1912530906987724
0.6852286802089698,0.5200345595537832,0.2952357083321749,0.04514321019796844,0.07442821755443541
0.1801259730022034,0.3582698264247149,0.2427018293133237,0.2009968135261691,0.2389292691462781
0.4640475425325979,0.1929056187177388,0.4731625725306006,0.1931202136090767,0.07835998373290629
0.3300593907267144,0.09319573533971767,0.4672027996192849,0.2431251283231785,0.1758287534428764
0.5180408297129474,0.1246824772365382,0.2860514948038932,0.273905490596284,0.2552254455338848
0.4234366389890395,0.1528648511814157,0.204207090976276,0.2176635414410922,0.2371598136271845
0.4309731150344493,0.2457391663549899,0.1207888992746886,0.3764935404449983,0.2664352358960664
0.1182519166579238,0.1049893634882998,0.1059763222540685,0.2536916538935075,0.3064174524505189
0.5712221963760458,0.3038442665369849,0.1646182658433681,0.3609141473834655,0.09582650458173497
0.4152143962631667,0.3343915968855202,0.219246142734187,0.1541664664023627,0.2350651651569352
0.07971026645662953,0.2362487357828608,0.3946849490760179,0.06231458490852254,0.2717278916953964
0.5505134140339976,0.1580994038454735,0.3279859292541909,0.3248488912412006,0.1530529047841259
0.3899560521945308,0.2035122937699261,0.243632713122516,0.2167390864586242,0.2944010163281664
0.2540892291374126,0.140643664527837,0.486980103488801,0.2254541914562805,0.08712865114585897
0.5300375329264861,0.2973935641981978,0.3829336374427429,0.1056559350789035,0.1549147663762722
0.608028641786698,0.0900834021816479,0.3026871045140028,0.1486298134512146,0.3949686396681901
0.3657687904827324,0.2353647141192627,0.1113110122423374,0.469671704872625,0.1406305467263397
0.566089139716303,0.2258325511905223,0.1616928406775368,0.4340189653797074,0.1051124707810961
0.2408276314463868,0.09705534023018049,0.3388412679550282,0.3540261664182305,0.1897407169298011
0.293834520415996,0.1651983150833827,0.2194160649177752,0.4757838776896235,0.1081668076857329
0.2740321666535268,0.3431524064444384,0.1757310164897486,0.1491756312860432,0.2288252861094918
0.5370842611883213,0.3546435907235465,0.2421433674877483,0.1500228743737168,0.1593118407003219
0.4386201632007345,0.2968163501077288,0.1048353913416069,0.141846170406179,0.4146899773699952
0.1655366333445996,0.2857802084625485,0.3077022444735198,0.259782264043862,0.1145907693468523
0.2420387346501429,0.1639758544911396,0.2862994943249926,0.2110169024249567,0.3014920087005099
0.2741597258547848,0.06978386113192614,0.1424556677189945,0.4632765910031486,0.23498260211499
0.3550286557929806,0.4370560932783305,0.1158522892970724,0.2577935033311365,0.1216644028420026
0.1702671564183731,0.2061341268520914,0.1270463988310776,0.5172974666435083,0.1109758802758663
0.5624959807171963,0.3674372259552579,0.3066139303775674,0.05178092291252906,0.1915106925624088
0.1527121472791119,0.2237118423135624,0.143596348086819,0.4729223270720044,0.1467258695014816
0.1313484970034517,0.4886624869373767,0.1626419404195252,0.2503648155861563,0.1117311653787034
0.3900374939016768,0.1877719149877142,0.4263783680167359,0.1141770923125201,0.2027874052570576
0.2086079999364277,0.4972612291040441,0.1893903118463377,0.2432461693917852,0.03768532195244109
0.2503452082251118,0.2379648761422574,0.1395252504603164,0.2358866221874209,0.2996933584939896
0.09399416978159862,0.2482972772692737,0.1516940188245937,0.2972555975747898,0.2406261211788015
0.2365643912763454,0.2509899812444298,0.2847873425152875,0.2219547486130156,0.1454468092106354
0.3824221389480704,0.3165766799719442,0.1957506598243757,0.320366924068796,0.1288223716696099
0.1192170378279026,0.1350995977113219,0.1874541406995807,0.1854343926555474,0.426625243867453
0.1192168508727633,0.1522404198736723,0.06457423419776528,0.438543580346597,0.333514324214415
0.3567460714028359,0.2393240802720071,0.09511073093121333,0.4739947163252369,0.1297103297006282
0.4094611717084007,0.2867562465717723,0.2544679718010956,0.2540047857861542,0.146056748909618
0.1377508926075707,0.3031447815237601,0.1116036725350227,0.3641570342173493,0.1734812003102316
0.1623936179939083,0.2100514409603657,0.1744250154245622,0.1889201079372078,0.4162463979457716
0.3953058999874304,0.2045968667291983,0.07552519444920192,0.4340981878580418,0.2070648427929684
0.4356627520544135,0.07276021858332776,0.2565224504926014,0.2161316644015966,0.2968437591857465
0.4447397372273768,0.1183504012141424,0.1894138808727163,0.2334605740977455,0.3418563151323496
0.2748759703855174,0.4389768596407144,0.1684358675723002,0.2246148730594159,0.1037674028284137
0.3678643289417459,0.1653864642390436,0.1781174679952259,0.2939452588649625,0.3226985330797085
0.2693957333006882,0.1946237829293082,0.3337171265417013,0.3014174449661462,0.1189229235119905
0.385048572895892,0.2211988128844462,0.1001511894147454,0.2925847451551703,0.3545240435904939
0.237767828993108,0.194356567112592,0.1633957096062348,0.392622816159669,0.2415726122363442
0.2637044693901794,0.1514745505179821,0.1571936660811557,0.3362645733852638,0.3007306578193114
0.1311152197102485,0.09616932952113724,0.2634281244675413,0.5004130349133156,0.1543986768605532
0.6275395623423405,0.2213318521772298,0.3563306291890598,0.1070101748037741,0.2654794160912657
0.2337955916127956,0.2269326541402314,0.2284455352576908,0.2399814109812076,0.2559765145317694
0.4553747114435969,0.07769850555868552,0.1038708525288464,0.4891729658565493,0.2440708013030284
0.2308437645049885,0.05350004384520897,0.5391612001117013,0.09230747037289602,0.2609979405923483
0.5292007240887654,0.3736879510819568,0.1936194282504662,0.2397860032135499,0.1086760394142865
0.0653908125030525,0.1806149374017103,0.177964991089454,0.4153056179301057,0.1918891709763619
0.5615532774615668,0.1004710508551398,0.2798731362484029,0.2246473812554071,0.3211168326536147
0.3786678541108054,0.3192198640672415,0.1242430822658382,0.3754620571396791,0.1537656958076336
0.7824723709553643,0.1350606973704505,0.1975947114266138,0.2954442326948559,0.2889845230758505
0.03953472365818882,0.1164378610371824,0.1652839125980489,0.2371976254266337,0.4984275071182629
0.07854013339487768,0.2445548322957899,0.1947019450790483,0.3453087681879956,0.1971493056548407
0.06883920250881463,0.07564897933616431,0.1395399489533428,0.5211336550989858,0.164164247721689
0.3425980695049177,0.2464613805302155,0.1103059959125552,0.2004202581919089,0.3981619411933442
0.4817187327148327,0.1347983298720308,0.5448482756006019,0.2036611645297992,0.02011990417176557
0.4136848220519509,0.04857036424477163,0.4521302196169253,0.1952876658752599,0.2557378488559669
0.1200800905403755,0.288915837544476,0.08130922336405574,0.4515256911155254,0.1791864524214056
0.3939323592832553,0.09737421431501882,0.342949122202156,0.2549210866212739,0.2626156223214366
0.2334572421243986,0.4136331769478915,0.1201095302568888,0.356316806000804,0.07993039175255542
0.8824915962518498,0.5952327083303983,0.02008384196742638,0.02995897755710723,0.2768120425782136
0.05013915735550138,0.1283600080083049,0.3208816315515848,0.4830049175315201,0.05880078316741931
0.3013540450637305,0.1463086285146419,0.2756139153542537,0.2481757040255802,0.3057982409256567
0.2082976918004978,0.1227054665069847,0.2129230827691055,0.3395522501190325,0.2831545896317362
0.6033381544533365,0.09936646008308141,0.1836519909372676,0.2787143714892858,0.202409977507621
0.1021105089450643,0.3162510021264121,0.2501973524465102,0.1854335257731433,0.2122093895011772
0.267177787440975,0.2024351753264235,0.1151809702643913,0.2016543079305887,0.4391534343359422
0.5104399264019431,0.2491345234521957,0.308153400002685,0.2971554576136528,0.1204203527420686
0.4999755996672747,0.2631781595583315,0.1751813302375565,0.1794125564898019,0.2539765824785737
0.3978526856105052,0.2291858346480813,0.2470059285482623,0.3730215878186166,0.1510348168837158
0.3907688237678563,0.1364709439621425,0.2900185388122332,0.3422565563506633,0.1923743198003934
0.03950890260043786,0.2115652581793001,0.1517475305789037,0.2004746490226573,0.3150004404414621
0.519846587576049,0.3265643528288096,0.2575369126443823,0.1712214466732563,0.1584565323394347
0.1979254678710139,0.3185540255232119,0.1913885357318066,0.2690136545418444,0.1353868312543693
0.5544997614676009,0.4233446369020804,0.1981286009911088,0.08667689999733819,0.1967921037249853
0.3130852994116852,0.2031649720614387,0.3778159275433347,0.1944783731174123,0.1857060173139906
0.2800145562770838,0.09998361077449511,0.1436338093495549,0.4074189847124778,0.3039237638548966
0.7024943470096401,0.3100318585128456,0.2732977119913169,0.1454543363317393,0.2113296313743368
0.4457152865313699,0.05778068092878354,0.3153401689188553,0.3313994551084097,0.2269989511539789
0.7113138435898929,0.2440530095629124,0.1121039411735716,0.2835556700668021,0.2399596117042741
0.5613026724794108,0.2030900250649894,0.4421122890392093,0.1377157483545212,0.1891858541552692
0.564635770618469,0.107436274551348,0.09083876067337024,0.5552688181459838,0.1822170439731514
0.5425557376420848,0.1602438504043539,0.3386066120241472,0.1995165537558104,0.177984744174383
0.2991740630607123,0.1762532070056272,0.1247345326793263,0.5016347776443022,0.1913690753811312
0.1164742458333298,0.1230219089069708,0.1736807025984633,0.5488326887540687,0.1087973238421025
0.3558638773871888,0.2274132549845368,0.1699088165352106,0.3154299363699261,0.2307909648566594
0.4830188019005079,0.08421026160943482,0.1764464342236472,0.5002367874519972,0.2162943705879083
0.3225009140428475,0.2617135851630596,0.3049970619789507,0.05917190618121178,0.2868524719638387
0.3083277148390028,0.3902764105447296,0.1649798248254766,0.1985264272469919,0.1537177561185195
0.4556990559044028,0.2199578454827336,0.06964604651638673,0.2704282512201643,0.3896813808714383
0.4757600870419615,0.08955462873944339,0.2113354553633341,0.2657087646046781,0.3542056454576183
0.6404125721001752,0.1123857583188208,0.278223521250454,0.4236903348575268,0.1295855387705422
0.4572212152650216,0.2545439451949419,0.1474578242512457,0.2801787078249754,0.2323796889543115
0.1555079980637629,0.3400290094408765,0.1251966909695066,0.2868658389373216,0.229636516308779
0.5083153689957931,0.1614514699052351,0.5088152480788741,0.08986069172557579,0.1560650412174602
0.3384559512398631,0.2383490910750061,0.470259791986092,0.09884770500718237,0.1733356034612569
0.3460986010385714,0.04240951152056624,0.1522598973051794,0.4584746352039746,0.3304741335588184
0.4769583314346088,0.202318943216516,0.2712358507021726,0.3896395809478551,0.0851672931988986
0.6985660055612605,0.3292302013560016,0.1508837682170956,0.1490214782304476,0.2887621243522642
0.4891653377214627,0.3287184814838741,0.202936359289109,0.1750187491378492,0.2615597411024579
0.641423546601501,0.174667279042651,0.2245795921458626,0.3514494245385194,0.1312026980959884
0.2230446902872739,0.2676785435132949,0.1201331568497191,0.2143542321112432,0.2667812157110214
0.2915746236939248,0.3653162102904126,0.1831056819237256,0.2882891465755979,0.1091743837851207
0.3869547409103847,0.2744618021865655,0.2712246264047906,0.2536094538647627,0.1534934876946027
0.4874464184026649,0.3269194588576265,0.3738596656000205,0.1655909698599113,0.08776404699322018
0.4803415335294228,0.1879675014620592,0.09611760077438274,0.1946077693718219,0.4568586309712238
0.5394063675997754,0.2163341485545473,0.212486955270201,0.3491210020594799,0.1813670074806863
0.4567617377084147,0.295821154964099,0.1857040651047412,0.1566694577873101,0.2586760596895858
0.200589198894985,0.1811686212940086,0.1628807845219587,0.3817027219108802,0.2753165605797358
0.211525697694292,0.2156698737311312,0.1708819896396743,0.3598537374013198,0.2365769372411526
0.3398230646106059,0.3673272205095126,0.3282167561453999,0.0963540344966835,0.1843946430027167
0.139437153537035,0.2217503968712309,0.2335832723188258,0.2515401900210107,0.2139473207962564
0.3361206722053177,0.424737043015909,0.1913765510636424,0.1875452744665046,0.1316922051780749
0.110244884840588,0.2499348995916366,0.3292536977836774,0.1524727096181337,0.2246989697594042
0.3737398965294629,0.01239048361725527,0.210771530289891,0.2375990063385181,0.5036752992330803
0.1697299056350186,0.2312752462529892,0.2824674752580534,0.1219964000772789,0.3330737841028639
0.2887577195419362,0.1381806095296273,0.2149274112545949,0.2762648839603354,0.3556789659507718
0.1139932417245876,0.2200936602634024,0.2880238208824724,0.232096958819332,0.1990070009071549
0.2866852483148969,0.2498740973343955,0.08635344635867534,0.4734768548248662,0.1823528512556665
0.4637457321970354,0.2347683602061794,0.2077080811138046,0.2519800102698577,0.2080473158573372
0.01481007655352999,0.2992504681456449,0.1600828810471062,0.3665960996298508,0.1317345461796013
0.09083028684859611,0.1094485673511136,0.2792788141854234,0.3011884021001021,0.2851214168001119
0.425340958696598,0.1761844985514996,0.2817468634767994,0.3436812171894253,0.1390798783300204
0.4256209092059867,0.2708872794408988,0.2862101549019507,0.2397729558711618,0.2045545552796695
0.5421247983407622,0.09448937632607349,0.4156925467623043,0.312971181414072,0.1362284175938232
0.1974645565952479,0.1136582446263324,0.2370831650457734,0.3651197097568623,0.2529187427131959
0.1802098859354459,0.303152668370984,0.1505926471783018,0.2450364713001255,0.281001817002532
0.1818026478233378,0.1141265024996986,0.2681122601072666,0.3906571601887333,0.2216832502152902
0.8731169198569084,0.2363241619395035,0.2867789820073152,0.1379252034250594,0.2583631852653512
0.4288240170001435,0.1122260451955943,0.1934531585438019,0.447973047723753,0.1858807892878022
0.2920084819597603,0.148408587433693,0.2772734131458982,0.1865096358737826,0.3179702995086712
0.4371073867896164,0.1617726233489394,0.1419594636449156,0.2790830353693531,0.3778362795502256
0.3380031972174319,0.2498894671220311,0.08008137255783057,0.6131526707684039,0.01838548494358639
0.3601266629096133,0.3319210201385546,0.2857896439638462,0.2256680818784065,0.1368381879073512
0.3448539276677416,0.2237620020989299,0.13357112018948,0.3128834259394639,0.1809169975318818
0.1369307587393112,0.4541397342606757,0.1147492626115722,0.2134595778405527,0.2004744563517118
0.05676784578763631,0.320138402140168,0.3086459520200673,0.1648190185275194,0.1927487550563604
0.5059519296277719,0.1766233933763468,0.2135923310781334,0.2006858335420951,0.2094339521036577
0.4091512821920851,0.2405857989400487,0.1454596454979127,0.09037522732625811,0.4768701218735943
0.4224260049328465,0.05843642730842406,0.02376858121483334,0.3964267022026169,0.4434464559290491
0.4831001880856851,0.08482900458829484,0.1102278601878623,0.5435752230122585,0.1831648688637345
0.3994330849647725,0.2714837638082732,0.02582636349694545,0.5339745670733624,0.1437196861494144
0.6094313565923644,0.1895835697429014,0.04679174428830911,0.2988768770316324,0.3899934793365071
0.186470224155985,0.07140769670948552,0.3956383012195437,0.1560244207591735,0.3925330234041287
0.4311889750067209,0.3124155633017465,0.2478985393592741,0.1364616621828135,0.2504955640319012
0.3112053264013135,0.2981877939000585,0.2642132422260385,0.3175797961664641,0.1219912179524302
0.157285474797242,0.2162463183875529,0.250558150940238,0.2647062299809907,0.2066767321003909
0.3249749142499658,0.08897002914707572,0.2557042169069494,0.4454733491196594,0.1828077214701165
0.2997264330683651,0.07157293547032606,0.2627695117395282,0.3310698224284098,0.2989489008392557
0.1748523365396097,0.2406495880048521,0.1671440959095039,0.3688934933252287,0.1646662660926506
0.4207008188503218,0.04542297214147639,0.3644530495433855,0.3674270742620251,0.1844192350324783
0.9345129503954411,0.3373629153065361,0.2271003697455284,0.2823871508607569,0.08963005160139456
0.06045504892754165,0.1812447155077684,0.2160187482424529,0.2038332357141961,0.3200903420865025
0.05008343635817895,0.4452336411501402,0.1435432818212772,0.1836983794454385,0.2065144841620676
0.00971438601073531,0.05967302174882221,0.4796493942185086,0.3241020993484283,0.1166896192476492
0.5568896637398223,0.2363470896585333,0.1856892510680668,0.4174458487867377,0.2068044678364277
0.4134126094609337,0.05946911120590308,0.3792834860925831,0.2773109653085065,0.2317856625707875
0.335700899184007,0.195140257751061,0.4910707706972676,0.2144856525146965,0.07425367821373233
0.2711962374226223,0.2649350842895268,0.199944031144643,0.2346346577248174,0.2363638128289274
0.2209393499319371,0.5706463677870299,0.1564893386730638,0.1410916186175371,0.09372328160474558
0.3781131275298799,0.3163104461070458,0.3636635578967389,0.1310659160439431,0.158117339286715
0.4754542171476762,0.1474123064922637,0.2405433426020568,0.2689008818995067,0.3261572273628581
0.2851400144964027,0.1355941940594248,0.3443842118299999,0.1824958717079478,0.2645755752753156
0.3206547921622772,0.2183453839036494,0.2897196352508343,0.1131495876876473,0.3844517043981007
0.4245122116114611,0.05979495092609642,0.09007547432948659,0.3691105729186003,0.4368722619663807
0.3072196865631409,0.14348799174203,0.5226543713199712,0.1784352621910865,0.1425574308187448
0.5572990498794583,0.1431786405360662,0.1679664039690694,0.3763970828735991,0.2579458616269875
0.3015913604507904,0.2741202231700118,0.2496033015709863,0.1577217361894531,0.2767052117476533
0.2954792121064651,0.1590358177296586,0.1454480961089715,0.3734895733491213,0.2358471598432397
0.468406417381824,0.05888528120038261,0.2721489221131059,0.01932223574868397,0.5462335244120775
0.2301549875029582,0.08265397616888162,0.3470677008856018,0.2420539285540485,0.3014354328318369
0.412859379923986,0.1375550392245118,0.3341238367468308,0.1662476348718659,0.2981374241878775
0.4022126284412322,0.3092293079573061,0.2717322403574534,0.2044536142510847,0.1411509782998414
0.357415559574062,0.5232375950216308,0.03611671792165647,0.1903514540690527,0.1326410946052793
0.07729898745159218,0.0818122105985602,0.1559486796341779,0.3302984182242884,0.381352329977068
0.562760879608896,0.5793794131457534,0.208494765614829,0.09347845653759589,0.0714354888766467
0.3962034732487225,0.3001976044305889,0.04474589607367431,0.326471643830246,0.2486939918916545
0.3739015051348932,0.143006376432248,0.5343338901482158,0.14306273260862,0.07327442390578903
0.5862003286344082,0.1868708515571345,0.1409644279911172,0.2901623684479664,0.3221799858546632
0.213753449718335,0.244497738748686,0.1890483143136988,0.3326022084513054,0.2515311064748774
0.2675603823748353,0.1594667868978106,0.4249259430102773,0.2363403612549383,0.1261233454731608
0.2237121411319901,0.1748006819355621,0.0992697828255646,0.1075257184878676,0.5224145008657057
0.2262582364913934,0.1350092408097531,0.3118560336895477,0.1520373465336473,0.3492955026103477
0.4396799404966832,0.4430372523733543,0.2512532614044845,0.1354703283980249,0.1196201757914055
0.4659597315306071,0.08668803062324691,0.3576058063038036,0.07440360129696857,0.3157718653659431
0.3670518415692247,0.1750896645570647,0.1138121102527829,0.6020075236323847,0.08731577701567306
0.4028624733152539,0.2432196668323951,0.3055465563568299,0.1666762649387645,0.2349352305375051
0.371419457026184,0.2130256195958334,0.1512348988064538,0.5104120971202346,0.07185578962783939
0.4145533033673475,0.2724284910078664,0.1185846762194219,0.3213887449049974,0.2173774361195908
0.588041303038679,0.1517889464114365,0.3056958314814822,0.2678796102861337,0.223275725673957
0.6047979445664415,0.250306611698816,0.1364459602787164,0.4266727961116784,0.1570178663793136
0.5752847274515035,0.1481523521775912,0.06497740938670624,0.3787030724929419,0.4473662147952968
0.327496545833956,0.1768028449432982,0.1982826588397491,0.3775358277453593,0.2174981275782673
0.1378272398059446,0.2112002851492464,0.4516462788676749,0.1214962952914649,0.2162713468607303
0.06416820395856586,0.1476476478245949,0.06738033871651775,0.6106327344237245,0.1614189205834978
0.3935685648552765,0.2071445524456333,0.2299130530278556,0.3681507493425494,0.1557527993218899
0.3345529241570077,0.3018091984245816,0.1726295948508689,0.1466243011437287,0.3072216207604819
0.5609867565542542,0.04913242837697575,0.2223756293921001,0.4550342142880363,0.1842374905952359
0.1860216492718181,0.186175171650985,0.3726456058013969,0.09541255901877524,0.295399084832199
0.7147206470044517,0.2254651578749229,0.2153052576356803,0.1571111205594184,0.376859372924104
0.7034229304497961,0.2600322099545624,0.1486699996197446,0.3847048898180476,0.1577859980427063
0.8889530659579148,0.1352655373927931,0.2076446324531542,0.2219152437938649,0.3356340866635642
0.4201862178389967,0.2051624238192392,0.3157473766285636,0.2082780498319208,0.2198846079576135
0.6647548960747516,0.1386933844398579,0.1415569935774593,0.009790628281479488,0.6441543770040523
0.1392931320395845,0.3421814034497035,0.1632943981031846,0.1886729617170265,0.2920431271410451
0.2059522136169659,0.05826252202225469,0.5005807033697326,0.3565267534784154,0.05863487265943625
0.104703105197015,0.08935607743257068,0.2579451396274283,0.4701394895780551,0.1714386867737987
0.1964937135872603,0.4550367208749141,0.1634094244457853,0.02612971760491246,0.3291974785244514
0.1275498236321314,0.3810938413589905,0.2717117823061326,0.2448168258993572,0.07658386647237497
0.06871442613006633,0.3945629336100237,0.1068300628398335,0.3320875175154344,0.09506206068841536
0.2371925778001591,0.5293714398995579,0.09299572038166498,0.09959813310976394,0.218669383797296
0.2483267013541511,0.07950460184900879,0.09321879680009376,0.2860321264313465,0.4770290700251932
0.469336985082028,0.1138749374693865,0.2650476250868196,0.3677404612058516,0.1667249785890734
0.3601706767427361,0.1948797608267022,0.2733882691432044,0.2297025918352681,0.2611585870406401
0.4205708493424272,0.3399856800449336,0.1619326057535896,0.2881305884332563,0.1607867368140825
0.1493492482167875,0.06054086176450427,0.1149315480416009,0.3895981184023708,0.3666859130990282
0.02440809376365387,0.3053984830767661,0.2938767876641327,0.2070506823684758,0.2444902420516907
0.3460301269033755,0.06016234465389932,0.2821735471514648,0.2649958730914434,0.3362799889312696
0.01711759497020753,0.3385092348924859,0.1687355902782896,0.2312486273036057,0.2069803180289188
0.3934092994385198,0.1599279923117755,0.2821857988700118,0.1774089365907736,0.3010128616353375
0.05641202227264923,0.1801947410650288,0.5146681480178557,0.1929607911425076,0.05967131067471405
0.4107629379976915,0.2178913218326721,0.1708742192942521,0.2679120569787899,0.2503674071167852
0.5542662207711306,0.3948902668760589,0.1864895391048345,0.1320061844752689,0.2482463027264105
0.2292859366158702,0.2034194557649252,0.2876767588445081,0.1717104406041337,0.3005853688877596
0.6780082900976718,0.1091933435482141,0.1507902227245828,0.2331050711106508,0.4711572854195437
0.2314518961700778,0.4036990908335356,0.1682742062387971,0.1971924474517122,0.1922165056803
0.340647601592134,0.2602872355169005,0.2893377891411144,0.2968074650247938,0.279473700829312
0.5717879410974409,0.4136532562847576,0.3287855833065487,0.07607882365429769,0.1368720845083897
0.2841072842896453,0.3378926037699915,0.3213868628870553,0.0945313786819888,0.2122518294192093
0.3676399319672838,0.3457026614804969,0.1775813767043262,0.2034287634350043,0.2234359757411497
0.07128208495764347,0.4742929433127205,0.1959044135499955,0.298349059925765,0.02931666466877621
0.3408495514891807,0.2404502000738858,0.1114663493027309,0.4496531591363063,0.16520660964461
0.3158322695023609,0.2391140003550837,0.240097195812945,0.3013322310753642,0.2363497550016155
0.1944047927768728,0.1211063953503376,0.5082715488705345,0.09557777672664444,0.2518555183490334
0.3418421818829027,0.1779687412915011,0.1387403411924058,0.3831710495249758,0.237110011368577
0.2286597516977567,0.1965747805918616,0.2800762369599236,0.2274633505564747,0.2811522959422322
0.3831683268766317,0.485674502090305,0.2308827640024118,0.1543911314866445,0.1203114804350039
0.08127256931408204,0.06391769630535804,0.4081125407280897,0.3308249081037136,0.1732902333769696
0.4371083113024008,0.3561474558678341,0.09181520198269401,0.3070951673460133,0.2566019308301933
0.7571776016460823,0.2387430644376441,0.107925829976147,0.4343895038968231,0.1544477383231333
0.5547816137297352,0.5399423839018765,0.2598726433846117,0.1126511201095334,0.08522743508382666
0.1124318390868747,0.1940623757787728,0.2078141040969192,0.1319996547417391,0.3981413436192696
0.409827563670104,0.1199837429797969,0.3347679998099826,0.2684095903011454,0.1645847300340845
0.1488656315196032,0.1042154372022455,0.3976127778138727,0.2391101016812358,0.249827050122515
0.6234973586490632,0.2236457746626029,0.3512435224803854,0.1534651772059421,0.2028662714936529
0.4371271592441678,0.2329826948358147,0.227102695375782,0.2896243680398532,0.2028717651502893
0.1838979939110164,0.437500502073668,0.2396160201628459,0.1459102669056491,0.1687897911966387
0.1824922681816237,0.07051008634451578,0.4289646175937787,0.4215276835522456,0.06039656108315226
0.3958394446879838,0.2358977989477816,0.2290043827911474,0.2035889289377812,0.3102897843804083
0.03058511730836082,0.2060782378179492,0.1107790205416275,0.4932384000690112,0.1306783456237209
0.3654423916969756,0.1816862569398278,0.4427813925245777,0.1182246299003144,0.2069084653600546
0.3066867004528429,0.03490638052418799,0.2795154910500187,0.3136512470784178,0.354440906988092
0.03584631203679993,0.01418752164630118,0.2316486513431797,0.6593306673055517,0.08499523273804373
0.3625979720625165,0.2175711492522899,0.2092792314479634,0.2531305485544572,0.2917608539735554
0.1787441463905247,0.3967818813441377,0.2333626830397036,0.2630652991231129,0.0924200889241942
0.1519342758108425,0.4706724081895621,0.1001797932708333,0.09829064168291363,0.3034034282229404
0.3132327134938914,0.1504469435219036,0.4971174439933181,0.2673318876451044,0.02549941382468092
0.4669956728970021,0.1240139975947612,0.4889121225800553,0.1947944268220458,0.1436844193103553
0.3536002866926106,0.3038201399992307,0.185435975256331,0.3024415749711969,0.1238733205726103
0.1742478885629696,0.2406224895443862,0.3389610038552038,0.1908081459103321,0.2410373814171612
0.337642046037808,0.4710206235107586,0.3373435705432169,0.07703837663340103,0.05994655009706282
0.6104020093658323,0.3880387609068532,0.0834499492555057,0.1678509100684678,0.2762253008133068
0.2383161057678856,0.5265598053534848,0.1277431538434537,0.1035024053326017,0.2273686547466336
0.4040103402949493,0.2308100161955442,0.3248369638111641,0.0803436458095521,0.3056910860281159
0.2728342621473716,0.1852934648501078,0.1049351020279674,0.427475893422989,0.213318660549399
0.8178131103257916,0.2193533530351978,0.1324446213544383,0.2440957624318444,0.3053120800149258
0.1442612354201808,0.1439769874966019,0.3193155739233009,0.3616791677685482,0.1665202168609453
0.2672439100220234,0.2177629492395459,0.09126671558761748,0.4747285664659847,0.2561889768131442
0.2569404126190375,0.06269368615474322,0.4059008738769851,0.3502892662421194,0.1507147415172881
0.3693995838355094,0.2963601742245505,0.2652498977681378,0.1103737219740756,0.2438734941985896
0.341707014585525,0.2801469435277193,0.1680373665570333,0.3758239629840151,0.1660002177149424
0.3528991292630917,0.2924200413155579,0.180981428930828,0.2405016001080277,0.2751131198943361
0.0841765961740825,0.3742934742957653,0.3444113602938993,0.1307187729823238,0.04776321864444352
0.4299479110956808,0.1822943747457985,0.1862954242582465,0.08916181062339888,0.4973075376443951
0.5229338850773548,0.1765593413395283,0.2703710819921614,0.2246751499952883,0.2833724015275187
0.6878438208760576,0.05533887647320253,0.2000003149419514,0.173025718249745,0.4674050350569876
0.01779849753205525,0.2270408473076418,0.3308228915216185,0.2550730366866714,0.1834377514567584
0.3023752533241136,0.2567381205664584,0.1790468145116278,0.1369603616650582,0.3951437857457276
0.01551603805821815,0.5379689785972599,0.3090996808221237,0.09056678662050938,0.06759464112390182
0.1771061041192945,0.3324128148988524,0.07247634918286644,0.3350816099604406,0.2448733293850533
0.1968432490196713,0.1643085717457364,0.1838111618666033,0.3492072155488261,0.2725900568582229
0.4886195516646732,0.1391852269228837,0.2861488358794801,0.05946451571733796,0.300136350347352
0.4326420223928319,0.7136001371014475,0.02818870819950487,0.001757682693938323,0.235726173403974
0.1193666296106565,0.3334500253410491,0.196547430689864,0.1592618993031037,0.243291841351216
0.2493907160194421,0.206740738089795,0.3563526573905229,0.206747382595507,0.1652666338565713
0.2641186591499884,0.003238357980021995,0.2416530463997464,0.463861090917398,0.2294720348574098
0.5051856529031187,0.2342606840754169,0.1812257491711673,0.1116875596254655,0.4168030291285907
0.05531362426321311,0.2800924425849644,0.1482570414716076,0.3376373738720033,0.1640332378052585
0.2583846120265751,0.1770827067119932,0.08140395401222261,0.4854229257244767,0.2520348406776425
0.5315399480808303,0.3341011857097526,0.2065877862166136,0.2337617655114519,0.1955527610239244
0.7128448259563169,0.2316301824956739,0.2714049195415907,0.4135837555175164,0.04634075437833916
0.242202020923314,0.05257483989210277,0.4526997518439111,0.3189777175391454,0.1541662187546711
0.3007033154874317,0.1873069163147604,0.09994412841110939,0.548381005140923,0.1628183833115343
0.2203893373251093,0.3376826535840175,0.2005500572471104,0.1519491581194319,0.2778276731895154
0.4065876085692408,0.1286123082201442,0.1962654662133785,0.4913113634906585,0.1480054899309292
0.242372755496699,0.08980101859007822,0.204917576141833,0.2441850504531513,0.4187431903140918
