0.9149343091761698,0.2891155013430193,-0.3010922874510152,0.4043934556062327,0.5344630030395426
0.5066299795992344,0.1683638792131337,0.3651330034999778,0.02862849327544366,0.4007043515403285
0.5385230285850151,0.723403206727372,0.5105672687859679,-0.1853300924908617,-0.1291819717123967
0.5710143383808343,0.3912706031091226,0.03860761043843715,0.3560027977693649,0.1591601464465013
0.5773686677955497,0.1660060388954915,0.203959679585089,0.4096137745473147,0.1544071974767904
0.7789519297088697,0.475195849416199,-0.02653786677688291,0.1436367484359609,0.3540162817583163
0.8928843368117322,0.3548938104651624,0.06654442074551234,0.4624400787995331,0.003847937078811753
0.1145751134482645,0.2425928090036267,0.3766585348239651,0.3214180413228211,0.03727169108840334
0.6360413648942327,0.788659598100429,0.04449572162959042,-0.09012227937648296,0.2024660935908748
0.3999674611062048,0.4308154062094496,0.02812031230175136,0.3107023800618318,0.1571432594460041
0.2887571833286667,0.1691532051210183,0.1792087411914054,0.5435693260597638,0.09551037807224456
0.3671394812164001,0.4297903851831177,0.4889218075215517,0.1439014502179467,-0.1112806474580701
0.7724206241425859,0.06401905068396031,0.2674941293436057,0.3830723066932859,0.1871611272427825
0.2452322423540877,-0.1255538331999224,0.3033646962501974,0.4697487774277538,0.3664819544357389
0.7240084387317499,-0.05735686341182804,-0.03640727936893112,0.7577987499351256,0.260390561952984
0.1854551998284221,0.2968504535917606,0.3632665941588625,0.2537804805381313,0.09601242542967807
0.217452602246994,0.5313899464722294,-0.08880213602303222,0.1757447817551182,0.4224050771574619
0.5318815607233206,0.1717014481589665,0.2570936255114343,-0.03451264351276165,0.5134171098388046
0.2336936966020794,-0.006928789631524133,-0.001374871944733496,0.5479659719631523,0.443377825525298
0.375583865477158,0.5038142556199611,0.6167193539915206,-0.1324251726402622,-0.007560964135325852
0.8177633568857449,0.1274148239515681,0.5803211070508572,0.1496622026229064,0.08612500940223353
0.6331847873924399,0.3498956007652227,0.2705773935931235,0.4850309448199856,-0.1270996358177887
0.8107426734900472,0.3588401221951849,0.2574695201894091,0.0991063327227563,0.2247018394919744
0.7898177767981012,0.3212923674410082,0.05437733104682603,-0.02030481327916065,0.5375391330948331
0.1427075507232255,0.205277229364613,-0.08271625857872411,0.543922253352505,0.3173076982874378
0.07402585990767629,-0.00297700101590379,0.3374113809864212,0.4349093588683864,0.2159587513153524
0.06770151935534291,0.6230384702482864,0.3125251658169651,0.02396079329711007,0.004501225472588555
0.5367735275854267,0.22516331141411,0.2043078660639678,0.4066341830233642,0.1139422571782325
0.8515539449967701,0.2513887565836875,0.05730133352489737,0.2297159321513187,0.3590914795456615
0.4029603659581806,-0.02426114688913997,0.03466656771839396,0.3810330025018862,0.5723128379188896
0.14772369110707,0.5245781137750591,0.2611889506470071,-0.1807004393907421,0.3893413676640579
0.08670715150303303,0.2399153507542864,0.4330137298474596,0.08823532596226252,0.2125044393921872
0.8197572408366687,-0.09798206078581921,0.0404889700992313,0.2586589938460735,0.7141119096292475
0.832627072221077,0.2357218493757633,0.01222701134288038,0.3900818621927965,0.2749488067164595
0.1422937517535765,0.003435126586162917,0.1448668545089756,-0.1282832774035157,0.3643120998650288
0.6361091401725879,0.03159550606942207,0.07019306765335889,0.3867289087389693,0.4511054560801269
0.8174852074320959,0.6156817764180803,-0.1979272345526869,0.6943075823473251,-0.1902930461641683
0.1098060120896099,0.1961087286938833,0.636451263114172,-0.03123593280624148,0.07892768219191726
0.01442577608674604,0.5523973826003017,0.351752307305653,-0.02328196416273387,0.1573450121364035
0.5368245345163825,-0.02254124062626064,0.6143917415141276,0.4585045210747132,-0.09764018698999205
0.1062547970788808,0.09426934753361867,0.09338724549209586,0.5057607822323752,0.2115634838098772
0.2546379102709074,0.1453668135096657,0.2228234582880295,0.122362894348225,0.4216938508387094
0.7248076366629097,0.3891602335200838,-0.07122091873182172,0.3825049018985502,0.2411121814247472
0.4408997820803967,0.2164922413248205,0.1344775525610293,0.2195786824502266,0.3942837352285326
0.2537708925705526,-0.1787901253356978,0.2975642232020284,0.3966320688346319,0.4249622431531442
0.2701035454809487,0.3154654909248659,0.04793002970366716,0.2462163677941932,0.305369838466835
0.2680466084581022,0.5154097645093748,-0.04734943862601593,0.5905416505773782,-0.06299286017937381
0.1677375903151091,-0.1428728621330792,0.1884879705403209,0.3765708916146479,0.5457843650555089
0.3771908201537762,-0.1830713945493824,0.3112693631558927,0.4527865622976817,0.3963463775021213
0.4308514152657427,0.2535458791233705,0.4414412048836473,0.3496077107899809,-0.0973526886936005
0.4293114460534227,0.2317899685061214,0.6254420850437054,-0.2251279189227941,0.317033724383307
0.2496940001532765,0.5991835820444666,-0.11572990153263,0.1699213790046639,0.3332461210672557
0.4933761569255262,0.2554599129653012,0.3378623733521331,-0.11815638535987,0.4304526143205951
0.1466083171677593,0.07544042869516325,0.06315123147776774,0.5358769980817939,0.3053277413169819
0.8428117925678408,0.05554392484442543,-0.01988926445174581,0.4168492117543727,0.4825483343405344
0.4313636136379233,0.3611704015066808,-0.2085694632132891,0.5294763924918618,0.2969286958850833
0.1480595894421802,0.04612319643472741,0.3641402788238818,0.3344773064208117,0.2075580218061871
0.000277285515343348,0.1935241377677002,0.2526796945395593,0.2611528845323947,0.2905048307152284
0.03138902370788558,0.205935853557673,0.04531031200612206,0.3062541401452555,0.4342228500362821
0.6456746862887786,0.6726347321425133,-0.0398266606479193,0.4499559208882313,-0.1326423451360371
0.5668018506366376,0.00483044266005209,0.3390147767449391,0.1779570655296279,0.4414228812475466
0.3867090682260496,0.07171106690639754,0.5291224079418706,0.1648455224254509,0.1635607862673778
0.09402711371679272,0.05711752212062185,0.7002828610306113,0.0982351255685102,0.1468458765003446
-0.02641096638971922,0.3559735028854943,-0.007474642930173429,0.485712476501039,0.1698617608947232
0.008539188627123356,-0.1003457218744314,0.5510947596112159,0.1745926385612981,0.3415166304434284
0.7932674021502691,-0.03428690300842783,0.4030656991368175,0.04616371724434454,0.4733340057590649
0.1690676201292818,0.3726498267493927,0.03456851429024298,0.1489801374967396,0.3095064281716526
0.8603896402486114,0.6181468345386268,-0.1036428943007511,-0.1396213520497489,0.4833829891547246
0.8204221682356801,0.1274097595458447,0.4826301721531627,-0.1000776791503243,0.3337012186046896
0.6011259375246852,0.3928815387539899,-0.05745469824550483,0.5329922770426977,0.0806900370060897
0.4279573860966236,0.391929715170296,0.221790961300939,-0.06002295911342972,0.3792471803382352
0.4053713074318036,0.06300605416323125,0.6308889498208023,-0.295183836704212,0.5903021582995412
0.5639585445929273,-0.06604139451402011,0.7573666239959347,0.4194623008970259,-0.1233565518848185
0.8918835835984572,0.3781659607594391,-0.06810341031137973,0.172782194813679,0.4617468522457497
-0.03265172861495952,-0.3117615098396659,0.3987827288611607,0.4643814823733512,0.4443899327884605
0.6418698919452338,0.3853975080880296,-0.02866126800328431,0.5666759292048601,-0.01704455171816969
0.669700600360237,0.124160943611231,-0.002325400237394265,0.5602297146267702,0.2805541708539135
0.6893891023057389,0.546559638593909,0.1050366880901896,0.02350094012609734,0.2490842740183822
0.2779012813906359,-0.01997233965900653,0.1117056780669017,0.06070112947031599,0.792235599381665
0.2101343129633079,0.503554822291171,-0.01339294394670439,0.3669241456162483,0.124537478749096
0.6963245608815355,0.4022926414866942,0.004844766043931197,-0.01906790822898898,0.501062202603586
0.2481505341982683,0.6345746167361186,-0.07940011126011651,0.3465169012833871,0.04091758889120841
0.4906720126504783,0.5534245493374695,0.1509241500169083,0.3409131182714961,-0.1566989710983049
0.2094797775744212,0.3225268100358856,-0.1605547408728413,0.551147738473395,0.2823465054926343
0.7571520696716778,0.5775504142551751,0.1989373228083936,0.01889939489164161,0.1600430149782441
0.004354600639164922,-0.08600710474950092,0.4376551836565616,0.1602013730894551,0.4663236265782132
0.8180180471395372,0.434965838935438,0.1101017630242012,-0.1110583868439811,0.4651474934570768
0.2080444138537628,0.0385202835336522,0.07113329566979326,0.6465663741143475,0.2282422017149756
0.3611703124906401,0.04339570648926947,0.2220233449556897,0.2266852949768819,0.4566690935817593
0.03047609888367649,0.2986474529178449,0.01942719634511986,-0.04398974299934909,0.7423846600990572
-0.01408256705820232,0.08760180971687791,-0.04940382412017429,0.487544136741129,0.4355501772599957
0.09257781792213247,-0.1013283600269826,-0.08560385682456031,0.7293196900838462,0.4527541738599277
0.9087655861342542,-0.166890083043445,-0.1571486981575312,0.7391976409099439,0.5166663588096467
0.4877067141630183,0.4947360230556964,0.279723530287281,-0.1884906497864787,0.3713716771835806
0.9022001557247953,0.01771990317910509,0.4102752889109439,0.1530342318843254,0.3275692382316209
0.6406921468702449,0.3014590123355591,0.08459639046011146,0.09802128134135803,0.3937773917422087
0.9737002348067577,0.383617878830809,0.3855434377198139,0.1610142507674424,0.04181808532960748
0.6779864125885013,0.1365361004119948,-0.134889730229267,0.5232694516075665,0.2626090483772558
0.5959738879681745,0.6398055031503458,0.3822301157768697,0.1217718548907035,-0.2072832321365288
0.152438310869001,0.604210858030138,0.1161042362453842,0.2241941215280508,0.05368058989872717
0.8051218099405461,0.3517139823142683,0.2560856802617371,0.2361203738155736,0.04307047915804166
0.7171871065818795,0.04092268403831031,0.6030064872391689,0.3874543774132315,-0.1191162915191129
0.1418147631452879,-0.03142070970333258,0.471925596966433,0.01687889171531567,0.4774819589183952
0.8988076370405481,0.1131635940639948,0.6439408789047608,0.1897496568264939,0.0466166636050452
0.1694796633111046,0.452927422863824,0.100937309806675,0.04788250597726735,0.3829741883002402
0.4398806581011628,0.3074539153547514,0.07970736761326372,0.696788751322301,-0.1508851711598689
0.5084977557795598,0.07881099126377329,0.5116783108587614,-0.2021446268901137,0.4950637257723668
0.7420271172859301,0.3800380626289961,-0.09160565772055543,0.610400915976459,0.03389923610319162
0.1673859097649544,0.3595881047659738,0.2558684551108923,0.3775594898700106,-0.02930045670452633
0.9579878147059716,0.2955903899565019,0.7547792645331826,-0.006450667928387035,-0.1261593588935975
0.3721778263286382,0.4952333203416092,-0.1000960094177461,0.2478072167393433,0.2368572874437317
0.433110648752074,0.02256354129693123,0.228781725672362,0.5643376118779437,0.1089696060276995
0.6968755319315552,0.07356240749503733,0.08201290294917758,0.4974985347673279,0.2956807224040689
0.1155123521531481,0.3873563807979785,-0.2030716452782867,0.2408314930250396,0.5641287887723533
0.3301348830068067,0.40963159756572,0.2662424674546393,0.4497293961423297,-0.1580844578244211
0.97024364097261,0.6878126326970337,-0.04405261166965196,-0.02326754086935076,0.2964549414495403
0.9519266508522788,-0.1233571140517241,0.7458513335986439,0.200025380681439,0.08694564151101361
0.6535929586302838,0.0449697274522641,0.04021730476406127,0.5267276561220556,0.3296371047741851
-0.02364965637483484,0.07060199152603785,0.4041667337330579,0.3392642084145266,0.1571033959348042
0.7500268463283767,-0.1083681772201569,0.4111591226579921,0.1258846738602587,0.4356095947274815
0.04815670649169899,-0.2851785526652971,0.4508471718854052,0.3772674802539379,0.4636463160453519
0.4645575234538308,-0.075517518815593,0.05968678399371361,0.4210361879629904,0.4963889247893433
0.6211839749120283,0.1952602242479921,0.6271751538344466,-0.06544902794384441,0.03420368190722228
0.4689738131643499,0.05063121093107802,0.2477170342383749,0.3670722107240142,0.2790003999145789
0.2187224102818827,0.5427923767439045,0.02964642163012852,0.5013595400001456,-0.02897811809886031
0.376284696892344,0.6749997161911594,-0.1062585771076059,0.1832553462288809,0.2637203247617892
0.3417253688128819,0.7519701964114678,0.1135880217953266,-0.09227181245530255,0.1687726583163055
0.8706398366112981,0.2602203823613579,0.3319204297540867,-0.07791758942345278,0.4092051827246223
0.7302821591705583,0.534759270644112,-0.3587017025744503,0.4417432061902219,0.2633804597799686
0.8045833953587941,0.4496133443576797,0.1129946072152556,0.05655596404222295,0.307900225765311
0.9062410976248222,0.1370488439502482,0.3313266589812457,0.3865590426489016,0.04108416599487977
0.8780788302899954,0.09327664356677649,0.2915971453332012,0.4925809373049074,0.03867534185690734
0.5630240729327869,0.2604373749755763,0.5987334494767127,-0.01895987578959166,0.0836793735296249
0.431408913537343,0.1419693299918691,-0.108544451499535,0.5213388795950664,0.4105996034586135
0.1953604578311696,0.04927897622297089,0.3061195386099809,0.4713562592585102,0.1384955448465465
0.181531662049618,-0.140952599304039,0.5537270018303637,-0.044646929220291,0.5718702732488747
0.5043419525401734,0.6355812420340027,0.2426876604097903,0.2387899164508692,-0.1536511646345836
0.02521813502072651,-0.02708776779667798,0.3882203335063348,0.2453435293069444,0.3405216241251561
0.6678792098664666,0.4653089360904029,0.2667749312148597,0.3282382398385109,-0.1109795040655587
0.9505629288288253,0.06074699988397173,0.5366044915702017,-0.1688828646591621,0.440976489640117
0.8415739667451502,0.4314749820967346,0.3856770498241068,-0.1972389246843313,0.2852520554955597
0.07155044524268263,0.5623657662791484,0.3617506647997482,-0.2495456860133922,0.3013717245402364
0.5048379202030651,0.5775141426882513,0.3423996375175897,-0.01030392115697045,0.06691517049573485
0.1067987459839757,0.08117950158014024,0.2589521694589942,0.1741458448762886,0.4461811580976376
-0.01665521864104794,-0.2504430276184728,0.3963513662496442,0.506520238893309,0.1889563180620634
0.3627489230561857,0.3182232798361689,0.1444828861933835,0.5417967256964564,-0.02951157435142422
0.4003095786587603,0.4676293843267689,0.6684146376881093,-0.04895935755052622,-0.1548392568668261
0.9496398567263146,0.08478146155583589,0.1892653153274405,0.4598789470581425,0.1288210338196329
0.8162606082491726,0.2935505086733255,0.4035254513837198,-0.1281483036759838,0.2656924936813027
0.4012693344843419,0.02129620476530071,0.4399156471966048,0.44596925929017,0.04721198782383336
0.5292775361420334,0.2395054081694366,0.2035555397228601,0.316000891837555,0.1543609802288612
0.2465692555401492,0.1893992605711078,0.6288787761539066,-0.2068963301473701,0.342872704166838
0.3724256733026234,0.2094387575339251,0.146305318914481,0.4459382661828884,0.1428278229530547
0.5811725826850339,-0.0569605094369042,0.3014574389659063,0.2506851489471845,0.394969778858244
0.5666628788285635,0.4709272145533287,-0.05562461523465017,0.01271138558386302,0.435474297832067
0.1860016392462778,0.5828778547764956,-0.3111577478640849,0.256179388224586,0.4298945288205068
0.2148146383934594,0.471813171192964,0.3000373991006909,0.1969721983877107,-0.01297697107838333
0.7004157845542661,0.192545830142021,-0.0415279805236498,0.04288778551676544,0.5827625100685789
0.7765965559695359,0.3687135459982993,0.3699945031180703,0.234267792913259,-0.03912429505292612
0.7720044358441818,0.1163192514758071,0.6026384646575222,0.3992983205934325,-0.1544483394914077
0.32650449511978,0.3990954421297197,0.2213835406009952,0.4657749459877569,-0.1189970227659716
0.2223555399953823,-0.2922006412436337,0.3544634520670361,0.5261078652983214,0.3618565682719184
0.7290345663680234,0.5501001947726597,-0.09769232920073945,-0.1954948929789904,0.635046199241181
0.1903527828173124,0.3820257669960516,0.4288107196063573,-0.3014081684001532,0.4228113417300167
0.04577212064339007,0.1393681848263824,0.4412140955019384,0.05644880502736834,0.2840429354080597
0.8926548200559177,0.2411345483867913,0.4231103430814015,-0.07009371764841477,0.3670265393456507
0.7534666635399226,0.09763887584663157,0.4391810640909525,0.2942773595147365,0.08903239426211679
0.1829217629018037,0.2523473977493617,0.523798529748134,-0.1841501346987159,0.3745243728325314
0.518864734192945,0.1542455602892649,0.1359288524094451,0.1428567492046035,0.3970473274700862
0.5636118609964099,-0.1144757614671102,0.3091892413650668,0.1262069721789376,0.5831880287001807
0.2191812975761941,-0.0208244024636556,-0.234917199072509,0.623267822306784,0.6022872027091273
0.1256468180368267,0.3638752713696276,0.08605248835444171,0.2926052205087872,0.2568791220665065
-0.02534786267824043,-0.01572362863915187,0.4359544839939558,0.588644541419167,-0.03936928602499411
0.03604797526469826,-0.05113447969986115,0.3153216219176385,0.6705663537844586,0.07244203503507649
0.5886845529071326,0.4304618585770728,0.04208245189950485,0.5710889418219816,-0.08152140085591472
0.7405463537979297,0.4824608757299157,0.1913738631311149,0.1535833586131782,0.1177060714736948
0.3987608930063526,0.03516223553896043,0.8120605791373212,0.02831612432827966,0.1153841124495867
0.8396154399280874,-0.07929630570461928,0.3739477061308315,0.3855131384752579,0.2213287592527143
0.08590423111569438,0.07674143782567236,0.3606302580341036,0.1839159969984146,0.3791355279862262
0.03853179115477779,0.1269797228907102,0.1090900116370707,0.500555098497786,0.257543856494865
0.4796579170303896,0.1469899661846648,0.1766103782590734,0.2146303648788881,0.4231571604158975
0.7154852017661179,-0.04432479787715713,0.0534665528707287,0.2242887996625219,0.6793056111419016
0.6048144567906117,0.2076741768514195,-0.04292112040765062,0.4859683257215484,0.201064739261294
0.05232425744783086,0.2412550199111713,0.5223401164966603,-0.0561886900029336,0.3247233231200234
0.5234058166039925,0.4339674316579228,0.1111523687815565,0.3571579574413034,-0.06911121579903695
0.9260745397258494,0.6918374404393147,0.08260728602637744,-0.003439529603903019,0.1298148015711912
-0.0438029597023312,0.2226771126386993,0.122044464673413,0.2299484814598585,0.3921170637192372
0.5655253113682193,0.2324502299642931,0.4655810927267269,0.3916992574326616,-0.1480705996942684
0.3991215378119711,0.446931166559762,0.370194621686988,0.4184025538535733,-0.2204316613898288
0.6060216111974646,0.34481870164576,-0.06767900168534878,0.2482283551442557,0.4288322824573907
0.06677122854440058,0.3117795992876002,0.2478732837488594,0.1540699275063858,0.2410195768966413
0.4545947453705151,0.3324300198777012,0.5158698338939619,0.07345880453739739,0.02546109053526569
0.5941564240731296,0.3583109123188782,0.3285330961630619,-0.2135123548869628,0.4724880594422636
0.5936178001970995,0.05237759057720216,0.002025397421852495,0.667705885339882,0.2121436118763593
0.8037109554410339,0.1438082332391432,0.4678743397424024,-0.1399703860912239,0.4239225627208281
0.4011701707418825,0.6096973474957591,0.2970061830539353,0.1044561882664073,-0.03999149399446365
0.3253343977988947,0.1659927872123086,0.1849301541588604,0.4772095261038707,0.1380310196533144
0.004411052097499535,0.5891135520410754,0.1838617935461923,-0.2794673012484885,0.4127319987840341
0.1110255838421101,0.1992065335303264,0.1791185336497964,0.1701446757578624,0.3860192114043612
0.00673595341698592,-0.06177823521673652,0.3334707089769222,0.2581452220563696,0.4491577703192205
0.03669808158867104,0.5421772953562509,-0.09379749983255256,0.3698857411389028,0.1859530933402604
0.1227283267421725,0.3599870352750434,-0.1486621429873707,0.1099537403596013,0.6318902150324435
0.2250867093772369,0.2935528669851858,0.08422818529055574,0.3942329815208189,0.1589159899335329
0.2346604658695627,0.2685000956169026,-0.1304284283858655,0.6298237940255537,0.1878529224603685
0.3733169099635593,0.3951339234127366,-0.007072311574507424,0.7352113136165666,-0.1656914134239074
0.7220136254648258,0.5391455082889796,0.2590243257484287,0.1034052358698982,0.02375541842774688
0.7352979689311344,0.109913036116422,0.250788722775439,0.4158049844258321,0.1436123914610518
0.2594366944972227,0.2345983235593409,0.0471778891036919,0.5588823757336641,0.1533715155567353
0.7230966240619641,0.6350729862744054,0.03646417930451597,0.06976625013747124,0.1131765090588132
0.3701139544085902,0.1791442889944996,0.3011817164928858,0.1062155182591906,0.3497844940367701
0.8712429559097957,0.868835558116631,-0.08008643084220543,0.1250109873298161,0.05858411947484381
0.2860398572150628,0.5508688822334302,-0.2702497383682894,0.2384501187514428,0.4481518314809584
0.8230956883537641,0.4938479510466072,-0.17028762851253,0.332441556163623,0.2373759184569527
0.7791332685521761,0.4371309191824264,0.5069337391212484,-0.1485334168523559,0.04274010362851
0.4144020475907217,0.4506440220960142,-0.1340602094381469,0.5042096847289659,0.1147738821158977
0.8938389902110426,0.2721289325551314,-0.03274450261961249,-0.005709739070404702,0.6905694101091164
0.6236164563722739,0.03310470529900217,0.2374897509709107,0.3136926735411571,0.2854920095300459
0.4274868312450359,0.4007075736737447,0.2436287495924617,0.2585030691758949,0.06326715155466672
0.3609133383590362,0.5106317291458885,0.06864481162885695,0.7611646914882116,-0.2129458151855154
0.6159483011101536,0.5929348640013352,0.5219462443956422,0.009651805960571488,-0.1824444063379503
0.08350770945128906,0.4775290503845643,0.4363366825848221,-0.0247027367765847,0.1017627951947746
0.3463898340526478,0.3023046114683688,0.1302904363393295,0.1925833176367686,0.240640247217896
0.6166330263410101,0.169225669254889,0.5754364132996603,-0.1165971262424694,0.2548767331671814
0.344296365747586,0.2992756906367898,0.07365876208333724,0.1652342196579662,0.385844385676233
0.32454085093403,0.09008840492788034,-0.1705644968498184,0.4205273764532432,0.6215299003771778
0.3816940364189279,0.2844788153550139,0.07082817791115792,0.4094627324053889,0.1711474154413552
0.5129355031305453,0.2288532986686766,0.2062915678849693,0.06177646704970095,0.4465609492485711
0.451428290904423,-0.02524405616047866,0.3250172469931917,0.5361267089450913,0.09790194123264462
0.8096095907962112,0.2305860648166647,0.2326396961449531,0.1936821582222648,0.2556667240864612
0.9570987843873793,0.3103669603801509,0.08314293930460528,0.09602002961094862,0.4130408697423217
0.03758119122779664,0.1739235055014551,-0.007190334916567785,0.5011100282659664,0.3832018167837568
0.7960429409410937,0.4033274282349784,0.09567031641470115,0.5253194037955734,-0.06633229302322968
0.5053129065920573,-0.2352697505897069,0.3690064868451137,0.1546866378617204,0.614450593698266
0.2362965234152241,0.7420160254778559,-0.1414587278151366,-0.01788106216888521,0.3793187624266001
0.325287563759114,0.005821836233022923,0.4451983003521898,0.1091899407913082,0.3649935358330249
0.4014401189577677,0.5042019526230545,-0.07010642521658028,-0.0143108278697421,0.4942741504560057
0.8745895894196549,0.2087011974026345,-0.1363558091065147,0.72283836465982,0.1175023170335726
0.3554351844981206,0.3208197670995713,0.4850891103689893,0.3987843157937843,-0.2447755583911642
0.2820225886510553,0.560901956283284,0.03196051913776424,-0.1726946555449125,0.5627752960544511
0.1349156202481285,-0.04075783305202067,0.3108277464251258,0.4414531569153796,0.2805227727253932
0.4397993920528181,0.2750604398870621,0.3753095433374131,0.2707119446967701,0.01020901503484875
0.06193832303940587,0.1882664011255731,-0.07454238855106327,0.281625246834707,0.4715554346514537
0.2299396509025002,0.2443500199535991,0.391655516007188,0.6189424813163444,-0.2640912911888352
0.2243501524738928,-0.007372642945055354,-0.05474553289767334,0.697676368358898,0.2912821504820189
0.3660712979391902,0.3446431103464632,-0.1593202002028359,0.4661553193555177,0.2949626584700041
0.9002459112603599,0.462674293220562,-0.2236477086862765,0.06492373725453368,0.590620728759559
0.5395151695142271,0.1226035320811984,0.2860345074894419,0.4408566825082935,0.1002511315460644
0.5605068164187057,0.05380472222408114,0.3579387406762606,0.1229071305141478,0.397654340045589
0.4167774456526991,0.2041072343981815,0.3437226525134331,0.5671303604794782,-0.1379612530685579
0.952169124858785,0.449412829090622,-0.03564165276634185,0.1245474680339401,0.3478585514558782
0.9489548912132355,-0.29258667067754,0.4637396416646392,0.5492531466921031,0.2035730970159734
0.9877635857061805,0.2380025462333146,0.1651399596996612,0.06808039934908572,0.3821450821607292
0.2255554681801583,0.3630624634995837,-0.2913444585710116,0.2975545195490994,0.3997170943773458
0.9418268443927051,0.2506977939773424,0.3279774646946384,0.5117510710540337,-0.1854244636132158
0.6919933322379631,0.4891015696651352,0.3692009830568547,-0.41404059724324,0.4629647882490647
0.01860814374917518,-0.2147685622072841,0.2254166314479354,0.7011499829406627,0.3283260315700083
0.8186884750967413,0.1863286799669784,0.3669196398234441,0.3033773803500607,-0.005072843391718708
0.8560382197579988,0.09924659413435503,0.3066915117150227,0.01166818800224913,0.52538544764386
0.3982657757088889,0.499651969597441,0.2347656181084841,0.06456701113025336,0.1596523281127772
0.2132715639261665,0.1928615932356872,-0.04055210622048494,0.3897248289186691,0.3409953872315243
0.5180572792845461,0.2110728734040333,0.3106756786404425,-0.1170807221837685,0.515928634681049
0.2815327949509749,0.07240644118040888,0.2908895172455417,0.03713939469101919,0.4583000734299432
-0.01263247525904371,0.4963907810346386,-0.0004965797052660338,-0.01660061204654775,0.4568798728634367
0.8853403557566146,0.1992204651885651,0.425617121409012,0.1742334319687997,0.1125439092349615
0.3141196510107366,0.3167361256548543,0.2111730444844648,0.4777149184464446,-0.05868313401395061
0.2190555406224467,-0.05184196844081046,0.5774551618763342,0.6676456366063305,-0.1846248126064181
0.5864623177817032,-0.1515392528912175,0.3903930221668803,0.3823373995843877,0.2917537974013881
0.8803511715547399,0.3226677088295259,0.1135760331766967,0.05075541638296215,0.3608948771808406
0.1462939865455258,0.5818599791053146,0.2150147384621634,0.05430076752467965,0.1326247407531537
0.757393947243132,0.3199320488333017,-0.1402004244482134,0.5874733810938824,0.1639212453237544
0.9774410770869425,0.5553954946293456,-0.06864007294330049,0.4850066274411162,-0.07025619304078426
0.5959653258625677,0.1497087541774066,0.3677447460025235,0.03061529855921391,0.3593721596083707
0.350889045740773,-0.1509575609841255,0.4348456121263511,0.2551377194436898,0.3568912435328538
0.07797497609694914,0.1363402739618231,0.266215426455217,0.1679416142290938,0.3633670663677991
0.300619150773746,-0.02496479296876705,-0.1019389847998971,0.6092971059919386,0.4914791554187342
0.681983108291158,0.4330918528433186,0.2108957772747234,-0.02244540461532695,0.290205552963634
0.03995709375501248,-0.2538851622897219,0.4524860517910999,0.2631692896294684,0.4812154634764184
0.2768300322553064,0.4756070823699515,-0.06151598427055709,0.7081148575318248,-0.100698077831044
0.9513195580007808,0.635202458745214,-0.08608664232234485,0.3184703425313739,0.01008155359617444
0.10139147898689,0.5856155154436221,0.4611967034050267,-0.1834033219483279,0.1226976787059836
0.2054989961770519,0.1320434515034,0.414972167748763,-0.1622042994481325,0.5149430891348231
0.06037052887876625,0.2557441590424077,0.1619136855852621,0.3574526227181034,0.1623369968000239
0.6268806332047684,0.1050987087425162,0.6355348765982639,-0.08284151158111515,0.2330929010654396
0.3236506138788441,0.3208660736858325,0.2685666160491506,0.2899345821666651,0.1019595450117981
0.3428437204979814,-0.1033206017957706,0.5736585270033185,0.518478473675135,-0.0164352362519784
0.6803890511570259,0.2427638216593339,-0.08025613972519979,0.5596022975886503,0.2028700176864699
0.6759279933543557,0.1296292943822954,0.3086179963459266,0.1939057257723889,0.2857584804481107
0.1720609900350532,0.2890942544364732,-0.08845171090921884,0.05088812736730057,0.7285643656381969
0.6903501310444984,0.08860475686776415,0.2258775064679937,0.2768483183632358,0.286929851388335
0.7042931104742967,0.3674277484745224,0.424962802106206,-0.05972955362235421,0.0341369497829687
0.5934715353535929,-0.1275293809217267,0.2308025777699274,0.5651630255740254,0.2015053067159029
0.2706904726673274,0.4576583531510054,0.01543831253762866,0.3365699465318436,0.1933607229852109
0.1515392291742099,0.3976160719135522,0.3990033976464893,0.4720796205579788,-0.2831507254687295
0.63829486402723,0.335551117171153,0.2270977849696187,0.2930180773067767,0.07073247875463001
0.9279370926328073,0.3470902831733721,0.2562901739065434,0.3478801459612578,-0.021981634446883
0.8963883360133985,0.06316509616966304,0.06986821558415875,0.5132464582172138,0.2415171295695074
0.3353512671471559,0.1555126954378198,0.1022539126567919,0.6148208238008828,0.09570413855420667
0.8449216041404591,0.1800011862107881,-0.1994866311875469,0.7414638255016814,0.2128040455406531
0.548813455079602,0.07942626542855263,0.312278186775224,-0.07604687192445482,0.647434763732198
0.7124733282332195,0.1299598017369112,0.1441770251435772,0.1788871958742041,0.4022461528771182
0.3581629805380626,0.6300371996756347,0.00340600773986506,-0.04708636711967659,0.3451995000212707
0.7833068381614716,-0.09601987221102408,0.6276749595113693,0.1349917185429692,0.21447229000152
0.876599667252052,0.5910193352490634,0.2977939173392575,-0.01887819384997505,0.05447270559247152
0.357999567476452,0.3588115454529856,0.6516788240044414,-0.1775243937793277,0.1392492963743701
0.03946017074254875,0.2525626536801136,0.0250838462755021,0.6788127120148154,0.03137188401198056
0.9170208343677648,0.38844564852961,0.03837587808008146,0.4598160633718397,-0.002951368775985583
0.4838389202109318,0.3665168303158205,0.1248608959116524,0.3080767242727876,0.1833507149666636
0.5032992187108096,0.3658624659526104,0.04399695328313723,-0.04137281751492796,0.5143635031929712
0.7160180839431752,0.3516304027682003,-0.1608407086891874,0.6059423054781503,0.122846015172044
0.2364924602375273,0.2115006878793053,0.4610720591120554,-0.01023073084243425,0.307438282023632
0.01441924477724576,0.2531176807120287,0.08533637691186724,0.1730361556304158,0.4673696155911867
0.04408064146693101,0.6919431805434607,0.1929210692513038,0.05506112307779977,0.1058753134913856
0.6079004243963194,0.441419139366959,0.1303185162368839,-0.22068164694606,0.5897798549343271
0.7181986041537043,0.01523816638970412,0.03618329240896727,0.5284163424421338,0.3729023821107981
0.1007859968829128,0.3971068572566529,0.1488096295540538,0.1391895960865579,0.3091423228499189
0.2338344910652713,0.4705041911511078,0.3211751001850556,-0.01973758824230717,0.1673680002146301
0.2186373811331191,0.05853947295922263,0.07098138615650826,0.4431775987010293,0.4108551881196811
0.1450165934830369,0.3918712917218268,0.3380369361139633,0.04788461634511618,0.1916540435243738
0.9288126516741907,0.1763222893572491,-0.008660055260351959,0.2580167559043029,0.4545368514736033
0.7406218560171254,0.09944603032482449,0.2175623636655443,0.5974569037383562,0.03099054846536685
0.03620850232687557,0.2773703061709978,0.2054849231895018,0.3497992176258334,0.1463267504363418
-0.00784732997243491,0.7125834885450382,0.0449217233209997,0.1230602661095524,0.1454714672226226
0.005748345587705686,0.1900953405163322,-0.009677237561573087,0.511849239271132,0.1892832295326851
0.912606723277305,0.164986212346632,0.2988296299037599,0.4905602349128474,-0.06543751954463377
0.5811906966920146,0.271273499828537,0.2278582061220153,0.1068068658211844,0.2671747015258842
0.2972674225250947,0.1577098081590562,0.03947244854402776,0.2890416048932383,0.3578744603549771
0.524538843260194,0.6433058842952146,0.5044276858771228,-0.09538245097170724,-0.09631733431428312
0.5998051024789265,0.498469694807522,-0.07644749944313033,0.3546559095008848,0.1465696006308334
0.4159705821863589,-0.09103679941124658,0.2916722943484326,0.5867262679081769,0.1383529569900945
0.08101387157800356,0.2654996743147793,0.04768129475766864,0.305985314622769,0.3514739672749292
0.4491755475981337,0.1811611954068717,0.270334622954819,0.5322943291600732,-0.03211631685171931
0.8094993479823541,0.409201547179663,0.3263288253895367,0.3225401156893759,-0.1039309327938873
0.2056313932268564,0.2456166397743292,0.1701063236991176,0.5750059269212604,-0.007083648412830277
0.3768897526107333,0.1743371771614255,-0.09682558833578753,0.4579932398901555,0.4320434955338893
0.7698772955055329,0.3052970364634992,0.2976502556401191,0.0136524234660901,0.2625847818256478
0.8448947996673651,0.3294255067330661,-0.2802949685273355,0.4574216925883482,0.3920457136916829
0.03934425200764707,0.2325400179557655,0.5272916417887356,-0.1113726622308417,0.3369638650701219
0.1961395836592291,0.5046948873055336,0.1562612024043471,0.2164187895573272,0.08272107188656377
0.4646441493043253,0.6337117283824176,0.06420880932283596,-0.2011353681292314,0.4521844393678452
0.7311696399942361,-0.1894574749704505,0.3133924979307273,0.5367025383424698,0.2788023994689002
0.662136021676534,0.04670756618808012,0.4355867999711542,0.3876991614641926,0.006608505756710786
0.3593782025972584,0.5327881954734073,0.07669039030331976,-0.1747911063398823,0.4898909695389521
0.5472372264052617,0.2524396191011645,0.4781617074109623,-0.03860571271325419,0.2108077250592924
0.2236422586207134,0.1300709492230155,0.3386297535960474,0.3177920600311969,0.2674758534175075
0.7898260586888126,0.1723622013459637,0.2685418044903449,0.5508320712247093,-0.04953550211440037
0.8733743208260503,0.321626975842858,0.1828731340215052,0.6109633701713226,-0.1628689003692436
0.4996500804065882,0.8331293022382253,0.03635670285632606,0.1768278779075584,-0.07256081127064162
0.7006947168660136,-0.005048972583385863,0.1863427962659952,0.4771312800978856,0.2331776803652939
0.4050069072346623,0.299907483988012,0.7120955252008419,0.0403568054250355,-0.1079937965613857
0.8234251829693097,0.12314846432919,0.7241125738944865,0.2288236993285999,-0.1261920416141994
0.6617347150712963,0.4542520127445822,0.2205776837461101,0.1231199676139514,0.09228472599305393
0.02766359721673859,0.4803109763643733,0.0988392854683814,0.3906566007069912,0.04403001397866059
0.1434662661088593,0.6372826333049381,0.03312772632953373,0.1965423692714162,0.07411345913443934
0.7294712951324489,0.263966168880445,0.1193465028137768,0.1179158903767299,0.4781981819520207
0.8976925024062787,0.08956062509796683,0.4194358632864347,0.2353181515107239,0.1733018674465354
0.7328707342534773,0.2920707980180333,0.5425340847743317,0.06959737839787566,0.01865461419852847
0.6774752899594283,0.003290112082852664,0.03543035293777044,0.5950423261410016,0.2694460540184394
0.03217094970087896,0.4982903584403828,-0.1008406641902044,0.3138761319419667,0.2368663346247667
0.03077679909947861,0.02239089133952286,0.3603562553696311,0.5438225080663247,0.07068560656600664
0.3956115839000866,0.4188424034798887,0.5910092916229897,0.03170182133107924,-0.06444437514376772
0.1716695889114959,0.3413030159057067,0.3823910248844925,0.2930449408331163,-0.05464465691952896
0.64657819411742,0.26962916647672,0.267882048310033,0.01680856897848749,0.2693652251017039
-0.01042041134759511,0.3206466432524425,0.04642463706948062,0.004249403742052218,0.5943770835629926
0.4294998788101827,0.4919584913317717,-0.1778687435689633,0.3202498099720643,0.3078407775267957
0.8914514110469914,0.1953173178449766,0.3509088251497168,0.1953271779217759,0.1437979241069066
-0.03155362709123771,0.1569454487573694,-0.02508232760042096,0.5435526640481476,0.2524535221169395
0.9268859923474434,0.6864119596654976,-0.04875867533439279,0.2017151146083398,0.08504350815809433
0.7642420092392683,0.2292515638873761,-0.05156248864590258,0.784937298571438,-0.009629311977775244
0.1220315310945891,0.1153552135343778,0.520388646283264,-0.05703040797490914,0.3717481420345405
0.09153686201926249,0.2916759504376574,0.2268171081764101,0.6576832149764466,-0.225083574725527
0.2544498426787476,0.07954274533293207,-0.06853752167334712,0.306852923665501,0.6371337919754766
0.1580012321536351,0.1911378926490901,-0.06791312151364295,0.5409260337920302,0.3050120716400695
0.7308600423937213,0.3729189957025476,0.3431721435093884,-0.3028729250892241,0.442559509667988
0.2813633516214491,0.6708972106335682,0.1440471680009212,0.3284317073437624,-0.1367064116986447
0.8014701659257938,0.2311694692044835,0.3051893054964748,0.09375105462462814,0.2756697383597012
-0.001555217373669169,0.1475620254703411,0.5488339128786284,0.4574421164350603,-0.1803355950882856
0.3749422885275358,0.6013208716907648,0.06843491703563355,0.4476660542235102,-0.131472717857074
0.1487841653314494,0.4187045310495616,0.3796992527308954,0.3339212279690893,-0.1535443529864975
0.9501071316060583,-0.1385937040739461,0.05113425943905177,0.4856450217075583,0.5328377211159071
0.4075291741378262,0.5220738485969666,0.2156441507835836,0.08004612426202586,0.2174254113182546
0.2235637617442257,0.06641166354877577,0.04302314560815061,0.4800227196484256,0.3772742438522674
0.4822733916756404,0.2177516708220678,0.23563042320198,0.4568205285425116,0.05388328475601884
0.5879398282500734,0.5433492228626162,0.2767063672160824,-0.02678305467712671,0.1373607719822628
0.856462516550862,0.1616063681848566,-0.03345429533810776,0.3842485750324629,0.3831429398961186
0.9045646626211673,0.2638824266356057,0.2947349252379217,0.3805600098629431,-0.03286055810164106
0.3422717943202278,0.4397822383760328,-0.2097876216175649,0.4833340352361892,0.2234466518026189
0.7530388110935994,0.1402889562829192,0.6458011329929025,-0.00456729627674733,0.1179361694615022
0.9658007529824106,0.1046864936835827,-0.1236821509307723,0.5809059030385599,0.3736841614054691
0.3233467167373449,0.05464674956301879,0.6174767990168251,-0.1651224331325882,0.5223358079614772
0.6203685003174929,0.2182456864199761,-0.1013467701147779,0.3496958446282917,0.4612352830002251
0.349624631661556,0.03661776573732248,-0.04823589750243856,0.3391353131841681,0.6302754278922891
0.4601981431786739,0.1675471598938451,0.1037593407815646,0.3628886574519409,0.3202555007547209
0.4775209264755138,0.03354350183169508,0.4086801641228802,0.2273376172504375,0.2991435754354562
0.1991858453957009,0.4496025648560628,-0.198158741255522,0.2648314254943198,0.4487890843058829
0.512004112572727,0.05961852972476898,0.3493963239292426,-0.04747919146251704,0.5586097446193349
0.4098423021924977,-0.101058394712438,0.5842996995930569,0.2708724336254481,0.1967817407051437
0.1970425971904183,0.4240863047028481,0.5248879028078868,0.04623728739024572,-0.03163466073473383
0.8341668468270393,0.170104570508832,0.1555668734337715,0.6120172998004796,-0.05073183178799115
0.7066585639360419,0.7362194844188745,0.2069505342281486,-0.02359516164996257,-0.02491748244462161
0.68654169216198,0.05608472109276472,-0.2665519776087801,0.5194773403517062,0.6003462831785215
0.4701411348387141,0.4751653726971463,-0.06468426770011111,0.2870673642883811,0.2202558538992652
0.2406215266410331,0.2030853695331134,0.6211589387840124,0.009472496771778157,0.1344820195925245
0.8415060832469152,0.4604578946460223,0.03513456558146304,0.3147299742043523,0.1174138287775635
0.8459464134361572,0.2497320484773362,0.1395330866993933,0.2248928063622701,0.2828702083120153
0.4080234851849392,0.4399108100191145,0.5020934299409047,0.214919589276771,-0.1680582530003917
0.3926794399418744,0.5081159794945164,0.04054493632356695,0.1207288349226197,0.2790367036021208
0.1334753174991076,-0.03418481530064487,-0.1418352840288053,0.6846550249003295,0.4398888203041494
0.4445823369022114,0.1661718797635781,0.5564439938265464,0.01582264768666242,0.1847953511103885
0.8305433954029676,0.3179477587661275,0.2112210720580066,-0.1491218518816246,0.4409619085290369
0.2398186932125472,0.4383312087538994,0.07438611154686235,-0.2057796208220832,0.592673756224194
0.9551887043359348,0.2924731217011954,0.0822925931211055,0.02203491164173384,0.5046748658559232
0.6812668238124764,0.1382572129628261,0.179349476834619,0.3910906551186227,0.2145327896105347
0.8379420422617728,0.3984041997568661,0.1794628027509984,0.1935945310166995,0.1806991229835287
0.6740182522535251,0.1926538471454613,0.3891145271839901,0.2438822343048626,0.08921839675072289
0.4725548052349727,0.4732200981263798,-0.08894492322002107,-0.1181998325258765,0.7858421062729349
0.5132734625090423,0.02590166387545197,0.5791022203217561,0.3236848612750687,0.04339651707365805
0.1246239293373129,0.6351452473450852,0.2768817474683082,0.2301282999990944,-0.135989591709372
0.8461320287033572,0.3686313514742456,0.5663879568435668,0.03480501604576389,-0.05469919453552981
-0.04496541174870268,0.4283390694924533,0.2060507072479636,0.05160387702960172,0.3072323025937127
0.108979635919521,0.3565774389566528,0.01950082505970949,0.01743856494933671,0.5715163429665345
0.4671175216156845,0.7248649098004685,-0.1534334357383619,0.08095969158960536,0.3438186406542091
0.03596700342749302,0.241069130231247,0.4906218328945374,0.1782173713832424,0.08143847886231884
0.8848259827606472,0.1185591973201729,0.4597295393729867,0.2650060297609674,-0.02885001731505223
-0.02232965000308335,0.2691000866992918,-0.03386277373450306,0.3157243519289009,0.4257142128951793
0.9502643637152394,0.2469506997661466,0.4052451481401015,0.3369578807146228,-0.05095690028507739
0.6784900296076463,0.2126968051616641,0.008086697400933098,0.3943224940066571,0.2996609004692916
0.7963155236269353,0.04403092648541779,0.03882852780584696,0.6569748907885934,0.2068438468814722
0.1895089793811704,0.4338456403052824,0.4785259352777313,0.2326712760181238,-0.1668912752729696
0.02098593014388922,0.1628087302966164,0.2330409312881274,0.4553720037020029,0.1775753034220096
0.02957940127778815,0.2785713721749205,0.6336410964612945,-0.1106162086292669,0.1797168431158744
0.6830258623739911,-0.1766793239074641,0.3940241116949667,0.3166603797644598,0.3172948880756892
0.9066134431430062,0.2467192538691348,0.2770264716268721,0.294167641915531,0.1175606168315953
0.689924495616863,-0.101739389413827,-0.01797024006733124,0.6363059165388635,0.4161298916932702
0.5057631706074925,0.4987644672436747,-0.1816122149340537,0.5671457438375715,0.1021583636981486
0.394329820780476,0.3698853366057469,0.07552218154772666,0.3974760894734165,0.1381399245298153
0.7603680205404144,0.4160662312970574,0.180169779314354,-0.02060666560221777,0.3412633195535795
0.3371558060456609,0.178237014543963,0.2555833645990166,0.3786287925571704,0.2005444344086374
0.8194653431010355,-0.1430229980816021,0.3327889641662368,0.4350988436546243,0.2389381537430224
0.1631056216537028,0.0414220729552174,0.1338096074443309,0.263775437933157,0.5251232792214762
0.4533831737517873,0.2302204531696838,0.3021954547199961,0.2628539385202509,0.1638026556300908
0.5815593616625979,0.0838538366728528,0.1375207542624875,0.07979746349389451,0.4882898262156771
0.7956462700775847,0.5119198434592093,0.01239229623001124,0.06827781919373994,0.3431688488096534
0.0762282120072777,0.6372013537934493,0.1466943429271418,0.222976634986449,-0.002790691757200341
0.5820730943953046,0.09971766305294485,-0.009187986885023154,0.5564820165398103,0.2798149105162062
0.5225636113608064,0.07009503746914006,0.3332598007482628,0.6011861624918553,-0.07760798611676273
0.1179510110698564,-0.0561217255412452,0.4878512608735319,0.3790546757348087,0.1759463416035989
0.831540816657276,0.06817179322230078,-0.05917394871442383,0.3306495388655044,0.5136087874167835
0.3153063415605231,0.1844451300541381,0.192773121991817,0.5271264188750558,0.0550152570204689
0.5848592984068506,0.4037379029702318,-0.01617726221015825,-0.05179206874377167,0.5765762021211629
0.6652667480413139,0.1438203131871243,0.06171082538432858,0.4938099606510576,0.2138587761479672
0.5674197486521086,0.5302755601563607,0.1180310813832715,0.4292967783266599,-0.1164996431261355
0.2938128390596798,-0.06776996571946844,-0.1349709604257957,0.5852999117360072,0.5277736558159823
0.8685603491579907,0.5459048298091164,0.3738561066844598,-0.1333229448254995,0.1036677350351775
0.7915698802123068,0.5249143320453971,0.05376269713441932,0.1718307389286086,0.1367667429416755
0.05631132951877349,0.5020025993281054,0.1234857576805601,0.2012390747383551,0.176445618162566
0.4204257255573314,-0.1412803401938264,0.2030727646317661,0.5212627292293623,0.4128634254403354
0.8206026953626391,-0.1917560622679555,0.4102683539795129,0.3118984777278882,0.3877698934716295
0.1501819526324575,-0.04687244599502662,0.5342858004622877,0.06077328728773018,0.4032197318850989
0.3724653487325261,0.07080059123853168,0.6753794004424625,0.1492762723272842,0.0944813949222206
0.4698767348552665,-0.01033653414717315,0.2214686029749084,0.4202182738926318,0.3502691753454072
0.3810405446157384,0.4352310662430268,0.5906248856879011,0.1379010325318483,-0.2537920809394936
0.8923110793037737,0.04205894232092583,0.1827611540466295,0.1878324831887084,0.5007074972398388
0.7511786750668912,0.3478783191714718,0.4030343941970965,-0.268410122705837,0.4421463664431918
0.8759856369620157,0.3827102504932252,0.1546182017922842,0.2174231858893758,0.1335822552982745
0.111259748296962,0.08503601738442462,0.634230307205992,0.4159757171671388,-0.1142698967646786
0.7789788672071047,0.2832997912060656,0.4724311172101868,-0.1049194008875532,0.2679489802461648
0.7438457273743073,0.5652422919765483,0.5161722028500084,-0.07696999524137488,-0.06888326836093482
0.3374509504977956,-0.00575626225780062,0.6216277000180752,-0.1767175297429737,0.5346800118400202
0.6908111240621601,0.08324956301562932,0.4110920328006354,0.2784277431492214,0.1615381856324551
0.7218503331177086,0.2786175735414916,0.166186649215079,0.161075416540148,0.1566350510127092
0.7759530594775512,0.04968748082952897,0.4517592824020229,0.08780560405813581,0.3355482400701993
0.6475066204098543,0.06675200646634902,0.7318845610791177,-0.01124974034804493,0.05211076067804112
0.5770585887784462,0.2288344438118811,0.3926255944910438,0.2177321169085105,0.07057456069747427
0.1460748569453484,0.2187633104382632,0.3513646039711531,0.07877284399254844,0.2857362483658811
0.1855813006212502,0.1394735029238203,0.5574359957992853,0.1037334231471389,0.176515543579308
0.4121221325541122,-0.01615815656722692,0.3186530420727595,0.3587286302013992,0.2097997265405008
0.2660663100624968,0.355048566651595,0.1831861052451649,0.2535460707434335,0.1861578648302094
0.3705252115259632,0.3063908726203001,0.1238506596399201,0.2086385658116092,0.3434732212011763
0.5947133670076936,0.4027114239753747,0.3292223261947782,-0.02230914098371446,0.2605434701884679
0.3456629770208415,0.3083337953888237,0.5097369869506679,0.08962218426910783,0.05772584400810873
0.41661264189128,0.3517623838004554,0.4949791783769724,0.3310048264151251,-0.1675088950940448
0.5412927149419022,0.2083664875085084,0.42458797677571,0.3092264128740013,0.01477362436619317
0.6596392074513491,0.438416513718936,-0.008615531096059153,0.3297149350693938,0.1871977667580629
0.3787923570401233,0.2167109674439044,0.3059281905814646,0.2319041975461152,0.2038880086671461
